-0.0200057766659356
-0.0517068954473432
0.112490651816877
-0.143651936516251
0.0192564616733431
0.391311439735064
-0.123086818279787
0.26161480542441
0.370982280740434
-0.0578416758403711
0.0434339693851645
0.467109337828253
0.00172222532352841
0.285932160385226
0.280968944864066
-0.119817389425667
0.242955550857448
-0.103561751206663
0.337454758378321
-0.0677556768498182
-0.211050344565834
-0.184513238161929
0.208394913638091
0.240313953233147
0.0540684804089014
0.00327972093592719
0.16579561335286
0.0714382870365763
0.164793251939346
-0.0668650145956604
0.042174316490414
0.126886356447671
0.127558192695059
0.285830881248925
0.5416650766837
-0.0123486983497122
0.0693127824188612
-0.231300982479734
0.393911248617469
0.462082424092116
0.672019543205808
0.00476653691955523
-0.193333300200645
0.620099642008461
-0.27655290611941
0.076780259792566
0.331675961168762
-0.341399929758423
0.44091229834501
-0.214354836174895
-0.173238311283165
0.46583932940119
0.262531750360719
0.242357825579759
-0.0906823870115033
-0.0224917377289073
0.272196394658463
0.0847474664063474
-0.120788291422565
0.124872850477793
0.062959749779084
-0.0221091012487199
0.0913393214094033
0.0115595051680014
-0.247298201988369
-0.101071219800418
0.0288373626086891
0.0675560094499432
-0.14294307258243
-0.0575519090156982
-0.159681318253576
-0.0954887489387787
0.00951505972951234
0.0421093455941225
0.0274194851334564
-0.00121786613153774
0.0234313012600755
0.0732141808175203
-0.135432736615818
-0.00736114311189066
0.0800515876175033
0.107649307321991
0.0589090354008609
-0.141411848933793
-0.179026542098784
-0.351723567084066
0.124794201803829
0.118567054024388
0.148354176857095
0.0969441571574135
-0.12133845234552
0.0342024165032672
0.142839670892386
0.0832291152697089
-0.123807083915713
0.0646130987326914
0.136594571762929
0.109297760939639
0.153587710915052
0.299403629624806
-0.00753296771796675
-0.0379840919410672
-0.302358942077784
-0.20962087256504
0.0523061839529833
0.0384238748893886
-0.359476375618048
-0.227794974750888
-0.28975047188156
-0.137090926108803
-0.254433652332816
-0.132264270251172
-0.31143944648818
-0.0916996921090969
-0.246754376057806
-0.00896845449100821
-0.138320166468046
-0.106069766443433
-0.0654349695603441
-0.0671575532603254
-0.0577164415215145
-0.225807708766358
0.013744813100925
0.0227907510603565
0.0180272323633342
0.0572067817073926
0.0583853369619516
-0.170018663493825
-0.0428954807323752
0.142538975925796
-0.066241824231712
-0.0104154048255289
0.112483011053258
-0.193300811205006
0.146693971580442
0.0524887265049974
-0.0859256901035743
0.137258519414062
0.28140345583684
0.371358689920463
0.152123900164659
0.21887495970536
0.156635259264099
-0.0843285398764925
0.0199489956135782
-0.0423363601463926
-0.148828427907481
0.00895856682765002
0.00857854507068267
-0.00352445759397231
0.0391688677667763
0.155158826159368
0.0986095387271186
0.157111015090993
0.179397798805517
-0.0519966231813932
-0.137595670906073
-0.0516806631820444
-0.259670958548242
-0.220888348651717
-0.0176470502931397
0.489310394217336
0.15616145761825
0.159111069674664
0.0115743390721494
0.00702542283270445
-0.210347659493674
-0.0142292181697812
-0.137504313583296
-0.0929482904708039
0.0121262860880345
-0.196042195966785
0.00272041118666124
-0.0492273078203602
-0.0804270731960498
-0.0741904807611295
0.111557628595691
-0.00089425165791995
0.0861408153431056
0.0917959849441066
-0.157119605888594
-0.23176755109764
-0.178799280226599
-0.32538046786071
-0.147196086857889
-0.00167829011018467
-0.176672972766097
-0.20902090957524
0.239335875934426
0.233430231703849
-0.214760760285818
-0.560580771037012
-0.0321571288816401
-0.543868405006179
-0.325425637526222
-0.505230418437514
-0.26306344886286
-0.250804339947863
-0.218771084065961
-0.41416520099877
-0.187064292931062
-0.245125508605868
-0.282159365536961
-0.123269319323452
0.00197159905627013
-0.159968126152282
0.129317324114438
0.2273674480841
-0.0467218812512765
-0.197356485246447
-0.200101466953437
-0.297063541356631
-0.26877396633438
-0.243901033231195
0.184395419166302
-0.408263150778032
-0.0373383784637157
-0.386959614499115
-0.501809711536424
-0.376945068734046
-0.352258376667261
-0.399253911758012
-0.281370637670699
-0.381938896325223
-0.258100571150025
-0.221522735798342
-0.352307331874495
-0.0364363312426591
-0.151919414778996
-0.28995839500664
-0.282705199120999
0.0454771240710392
-0.127392229014266
-0.12876487581577
0.256931124290494
-0.0227989222615917
0.802990000378601
0.567973232311472
0.556564640645765
0.826318186602998
0.841629209451322
0.366150358600423
0.205291168571946
0.0958558844761387
0.210501571492032
0.0479242547816774
0.000390905308849724
0.028316522575263
0.235442623475445
-0.142689650139652
0.83410593968565
1.06857101451909
0.607918722026898
1.02761602048966
0.533255458465859
0.529373682351979
0.429133007266171
0.033940197468316
-0.237376113117916
-0.195866463808515
-0.0385175882154652
-0.107475135977473
-0.0689738524514834
0.293626958548461
-0.0964875914498737
-0.120986775189418
-0.133319660301578
-0.293670254856231
-0.285068484223206
-0.211253555612529
-0.094155469533557
-0.0589380660811933
-0.198228689553284
-0.441766393747163
-0.163294278265405
0.133704643601589
-0.436238002803591
-0.181952396486005
-0.451313809760225
-0.267948870840029
-0.304675439595912
-0.0136521175420286
-0.244123185605511
-0.244579107320102
-0.204638643381887
0.63119940452709
0.290799117779164
-0.381974470459363
0.108016598270604
-0.108475049613174
-0.338752398668788
-0.161843503552469
-0.283488784504141
-0.142116769204589
-0.218639051046224
-0.29888244987674
-0.231993613050222
-0.22195381707993
-0.254139797028297
-0.223922367886695
-0.188200557799901
-0.227061994330247
-0.30403550181993
-0.287862934106106
0.0662400086364205
-0.12176585294252
-0.296251829402275
-0.484695292927569
-0.488988281756901
0.689889694957113
0.858771582079625
0.468996566070374
0.745852019765278
0.210758486705466
0.438881803138524
0.479386380286003
0.450472803718129
0.303645193645228
0.388685428572001
0.159339750008212
0.270333824898017
0.0858372512454217
0.244365689194542
0.0403993575249256
0.13381948975082
-0.0884024480769477
-0.0815366043811692
-0.0839092673091195
0.0813728680212382
-0.10866855214538
0.0083195727949597
-0.233516058901308
-0.20255566507933
-0.0432445738716425
-0.390769299459428
-0.242858910859842
-0.255215104322956
-0.468376267907356
-0.203722254038237
-0.111049927154217
-0.137915423375789
-0.0621029598909386
-0.10800203100431
-0.158612713989564
-0.0850492877853061
-0.00968686390518974
-0.10225698532958
-0.0389676267117245
-0.115612247644544
-0.174020191642253
-0.0374312491085628
-0.0465548283856229
0.237682351456735
0.0747047657297411
-0.133377426387559
0.293938386794226
0.186277437037731
-0.16947541074815
-0.110280762680887
0.161411469794798
0.134900134739069
0.16532765301959
0.156211024882681
0.120382977562291
-0.119670848170928
-0.0674104504534442
0.822062132007314
0.946968069240638
0.561994045800307
0.795781712701637
0.542183988864718
0.621596594650543
0.314568179381946
0.369959818577879
-0.0130165031916074
0.0857395537157128
0.000213574347841037
-0.328435042632685
-0.0709776792406467
-0.289572373003964
-0.523642091089586
-0.201771778783232
-0.281392842832616
-0.327524294712824
-0.159501389044279
-0.324754072637013
-0.351340941285869
-0.217898148974674
-0.277412490239961
-0.133374759266574
-0.252647540234956
-0.15641495300838
0.018910861442377
-0.20721980414699
0.234884247284632
0.15942298688092
-0.049504654354463
-0.196841058254708
0.199229016186939
0.146060875987383
