0.284313939706038
0.407207785152805
-0.131150386716871
0.148377204384695
-0.224539173314073
-0.216248361332759
0.106260461203613
-0.46234251019586
-0.0951654326646791
0.0657981921879488
0.178831551662967
-0.227434460284408
0.381964824681243
-0.429256296563791
0.120991143543662
0.478097982232586
-0.5638417636243
0.382997511801157
-0.448187993335021
0.409902930334903
0.502683033978966
0.533773769988552
-0.416181779574986
-0.372748635870453
-0.113204473773092
0.140638810718164
-0.525238056054883
-0.264035014291957
-0.452124615293296
0.0689316832090767
-0.215470711830241
0.173471286148075
0.176426801362288
-0.30659014825819
-0.372888019730694
-0.0629040309827155
-0.353241555900833
0.174310521427997
-0.133735598526837
-0.508388198977302
-0.677364905965123
-0.0728037388106514
0.0843868502376627
-0.470979732914851
0.395457674732137
0.285419300113605
-0.568657852920167
0.383050880150276
-0.693027750143744
0.439991039467233
0.288333730491874
-0.682263911485476
-0.646517791430622
-0.462428900449556
0.012846356110274
-0.0550648058232429
-0.674774321228208
-0.466863180711809
-0.0369416512615782
-0.515288652213398
-0.315963674591249
0.606764167258089
0.440834269236641
0.542902061919549
0.318456753845017
0.414174911467241
0.131275554770493
0.33754010412798
0.336661431773813
0.125290552740636
0.249738176497412
0.151325463800216
-0.320036900384143
-0.529567939803332
-0.498952482172388
-0.53125538423316
-0.235374539482271
-0.298141604717723
0.432996846081824
-0.26601989116128
-0.429598419743969
-0.552337182462453
-0.68694533795429
0.40555170361498
0.0359485196234211
0.348963432275547
-0.238854957053689
-0.175652543763866
-0.0310817203986057
-0.0362589348245853
-0.030730716813069
-0.0163236896537413
-0.141477109908004
-0.35849424431632
-0.118283582772409
0.114576622189319
-0.136035052657448
-0.50100494934263
0.250306075231349
-0.152567264019243
0.405188574227225
0.598107463777028
0.138423287840741
0.520494344119803
0.124818095573065
0.00122239780348919
0.0549097317695526
0.356239068337036
0.20669732042403
0.165444529619466
0.115671569901002
0.0239728493900767
-0.350411979138371
-0.500429441375174
-0.227417924523121
-0.356015102715543
-0.463445547215061
0.0685331044599266
-0.458731901378986
-0.149486601804185
-0.495377804224312
0.0756816561478031
-0.608743594917416
-0.402154217245874
-0.146678714108864
-0.180171609842392
-0.339560551462747
-0.239801822814884
-0.293866053388718
-0.302512058890051
0.256610961274797
0.251083727832695
-0.0390402481160696
0.0824211389509032
-0.27240694676119
-0.484356711727642
-0.0326454564474736
-0.306726966686702
-0.00163360962226275
-0.150142799256449
-0.183570992605904
-0.201659285147002
-0.530842358344449
-0.263682334108179
-0.375245091560006
-0.488416899133046
-0.306983494327733
-0.284326171303222
-0.458285657599165
-0.206589865437487
-0.116836905224469
-0.331775417110795
0.148255350315897
-0.138268454052156
-0.152938324001129
0.0985873882040104
-0.0457702649157378
-0.184414450941156
0.152826021319897
-0.139329338801246
-0.13566008125259
-0.203867933385899
-0.27891033688715
0.000329811146770275
-0.10867855288526
-0.412230395359207
-0.330151782073605
-0.226251240988612
-0.230268143393909
-0.53663717830036
-0.263868383781845
-0.218500900021691
-0.42246885162905
-0.492882402628311
-0.206014734343355
-0.14967152854632
-0.404123928995382
-0.047501437537416
-0.43097778836588
-0.209320482166771
0.0506174042649191
-0.202926658157409
-0.0781144582891525
-0.100886341989768
0.336900980060254
0.215135645411602
-0.145948018430188
0.26557925579359
-0.0720240657853204
0.395028078066584
0.847204988204773
0.571243875944732
0.652917868944724
0.573467593282335
0.551960448112825
0.765965807078749
0.677420367372861
0.124431996396993
0.337342641284482
0.866953517065688
0.681351551921801
0.568974965581678
0.675273138917782
0.445630419535205
0.35373683370812
0.035996938393068
-0.0555894593955812
-0.218644371519378
0.0704809785701702
0.199088947814633
0.196241951259841
-0.00776821982828789
0.103059534957408
-0.0150468398847125
0.454151122269298
0.761755538187862
0.621973390339467
0.599171986299923
0.526155591481774
0.316752258422614
0.469629315476291
0.171111934938505
0.139801738917443
0.697676904569368
0.372070262680154
0.332766014197526
0.209646445577951
0.153060157205225
0.22292560545982
0.184982335873108
0.116628524878904
-0.439862073379965
0.283762526685621
-0.406500303044902
-0.525474732207993
-0.0748665450137891
-0.228410369788195
0.310807709979537
0.23641897251182
-0.771665304371946
-0.336839431410328
0.402701329010564
0.662396831252667
-0.194525367160271
-0.34614548966498
0.505440922079119
-0.644070449559862
-0.361741853760655
-0.395044340955088
-0.204850208554895
0.0641655522494428
-0.601886642584169
0.245204845743735
-0.72278325676581
0.308531129455996
-0.462404531297141
0.0597068702011023
-0.141255542878362
0.0667449546259581
0.192964608507282
-0.0188072282610334
0.0649316180119452
-0.252208695375786
-0.233610887713775
-0.225212232202634
-0.157206430357944
-0.0847695148423866
0.00645778520946794
0.148666139606846
0.0305492723399913
0.0548086093702232
-0.204665175597258
0.235939434685067
0.518606032080692
0.189861857668122
0.0347908891176711
0.64288666081528
0.248494317709849
0.674412919732364
0.0793640471600057
0.00584666261667688
-0.207672000134558
-0.244336655443725
-0.0730110491121563
-0.060858397450021
-0.400450959505513
-0.211216975595637
0.59500232426409
-0.440740429707169
-0.205935170980148
0.0811446174117179
0.0946546761778917
0.0577054570451191
0.187248671383946
0.225383186819184
0.160201733197644
0.195315206475588
0.129003782028899
0.089359755885012
0.321347292989513
0.322278043942344
0.121464518040893
-0.00349765273832463
0.244961976813129
-0.00287343314170667
0.145266776281161
0.316315151553836
0.791222273985969
0.499865598930521
-0.320931864181999
-0.699528481873275
-0.272707479501112
-0.293798438189811
0.329417242973998
-0.316765134480212
-0.366103668364902
-0.275258099076691
-0.338310061990304
-0.413476591341778
-0.0493495115063239
-0.205412917782717
0.0303855129494316
-0.20023893000634
0.105148696705593
-0.0922207579263977
0.130983456533921
0.42899329759743
-0.0832917192397502
-0.11500971220998
-0.327351255207812
-0.00510893029351969
-0.0932976983890145
0.181894236140322
0.426371283810956
0.645492228849973
0.283137223020188
0.092298493830922
0.954650580575693
0.61542680597514
-0.0126472322394448
0.209904521099028
0.00567884542801665
0.141556633140282
0.0235790857068566
-0.126250813527403
0.0618692752284159
0.132568347697981
-0.0616232277733189
-0.108134044783322
0.075094479210171
0.325810433228751
0.101667468460173
-0.0199556645973503
-0.0206532346533378
0.229853596198777
-0.226298487763054
-0.158388564734405
0.251214856290679
0.517131088056333
-0.104574481973794
0.0651405443722869
-0.00796731153003998
0.0437584133004431
0.0798636516380096
0.184927170280657
-0.0688845784172984
-0.124001935458488
-0.456310989421763
0.107265548137894
-0.259819763932964
-0.167361809119293
-0.348546035151299
-0.0450761356491645
-0.17551238907068
0.658451781055137
0.146012858994338
0.172431837582522
0.445476780573261
-0.25631791157598
0.0372021444153635
0.442808653891491
0.421155087306546
0.0755601991633958
0.483713114727048
0.13701700486671
0.175445622953292
0.221059541796896
0.153129773279918
0.0194924550001641
0.00588693637007242
0.168106750574438
0.137319232282442
-0.253493164703478
0.0917902828878347
-0.190800040085824
-0.0778562563921035
0.0633355509908926
0.582452006458568
-0.409320182760125
0.0711455243196484
