66
70
72
73
76
77
78
79
87
92
93
102
103
112
120
121
124
126
128
131
132
139
140
146
1
16
17
21
29
30
35
38
41
42
47
48
53
55
64
85
86
125
127
145
156
157
158
159
160
170
171
172
173
176
181
187
192
4
9
10
11
13
15
18
19
26
28
34
39
40
43
44
45
46
50
59
63
68
69
74
75
81
82
84
88
89
91
96
101
104
109
115
116
117
119
122
123
135
136
137
138
142
143
144
148
153
154
155
163
164
167
169
175
180
182
184
190
191
196
197
198
2
3
5
6
7
8
12
14
20
22
23
24
25
27
174
183
185
186
188
189
193
194
195
199
200
31
32
33
36
37
51
56
57
58
60
61
67
80
129
130
133
141
149
150
151
152
165
166
168
177
178
179
54
83
90
94
98
99
100
105
106
107
108
110
118
147
49
52
62
65
71
95
97
111
113
114
134
161
162
201
202
203
204
205
206
207
208
209
210
211
212
213
214
215
216
217
218
219
220
221
222
223
224
225
226
227
228
229
230
231
401
402
403
404
405
406
407
408
409
410
411
412
413
414
415
416
417
418
419
420
421
422
423
424
425
426
427
428
429
430
232
233
234
235
236
237
238
239
240
241
242
243
244
245
246
247
248
249
250
251
252
253
254
255
256
257
258
259
260
261
262
263
264
265
266
267
268
431
432
433
434
435
436
437
438
439
440
441
442
443
444
445
446
447
448
449
450
451
452
453
454
455
456
457
458
459
460
461
462
463
464
465
466
467
468
469
470
269
270
271
272
273
274
275
276
277
278
279
280
281
282
283
284
285
286
287
288
289
290
291
471
472
473
474
475
476
477
478
479
480
481
482
483
484
485
486
487
488
489
490
491
492
493
292
293
294
295
296
297
298
299
300
301
302
303
304
305
306
307
308
309
310
311
312
313
494
495
496
497
498
499
500
501
502
503
504
505
506
507
508
509
510
511
512
513
514
515
516
517
518
314
315
316
317
318
319
320
321
322
323
324
325
326
519
520
521
522
523
524
525
526
527
528
529
530
531
327
328
329
330
331
332
333
334
335
336
337
338
339
340
341
342
343
344
345
346
347
348
532
533
534
535
536
537
538
539
540
541
542
543
544
545
546
547
548
549
550
551
552
553
554
555
556
557
558
559
560
561
349
350
351
352
353
354
355
356
357
358
359
360
361
362
363
364
365
366
367
368
369
370
371
372
373
374
375
376
377
378
379
380
381
382
383
384
385
386
387
388
389
390
391
392
393
394
395
396
397
398
399
400
562
563
564
565
566
567
568
569
570
571
572
573
574
575
576
577
578
579
580
581
582
583
584
585
586
587
588
589
590
591
592
593
594
595
596
597
598
599
600
