23.9420603571258
28.4434002299079
29.6977014568032
20.6112100205447
22.3831227860192
19.7820818559366
28.6609710482484
27.2522915808902
12.4554245970186
13.2891074544093
16.2792889695284
16.1187527880032
13.7236674234603
18.5213535517337
20.2474044362955
21.0976928351329
12.4543103891273
18.8831992133631
29.554498277007
24.6780360297689
29.8286373647042
10.8594069904978
14.7572329847352
27.6248047666844
21.4685341183278
23.6614619642684
24.6133977223686
25.9812276343529
20.2271827490818
22.5338862416299
25.4987318597769
20.2274483184673
24.4585093574791
21.3860276269526
25.5595530172367
25.4651976738668
22.7520060198718
21.198017560545
17.9842351048492
28.2936875661626
28.0986404357827
28.8678303468663
28.55524189194
26.0575101200955
13.0309308053141
23.570774464942
20.567125257282
20.233973244014
19.5371299107812
24.5663813826215
25.7091820330089
23.0091361911629
17.8260109739079
21.4511725187129
20.9058369210947
27.7729376196184
22.8810147006474
26.1448216830104
23.4962198613439
22.5927274985364
23.4563491853139
21.4669705961634
24.9201363322653
28.651327830908
26.5673745630464
22.528191484735
29.1436065325647
20.6554687093021
28.0042366664129
31.5569385225023
25.7379317598376
19.0969701459893
24.2904693408635
20.9220257159725
27.0054158395676
31.8644699328497
17.8563711128662
25.9135425178194
25.0853101966034
20.3087425226183
14.2468858940577
19.5612279697838
27.122049036418
20.4581284859315
31.379054614792
31.4933192974292
27.9927813293214
16.1955747754456
16.6913552067814
15.1532657920207
15.3999379582324
30.7929829909986
19.6875431704973
18.5838138162074
19.2984249328088
24.0142547115169
14.2416996558085
31.7918688839102
29.9739810615629
25.2308974306202
27.9385536501749
29.5411321079139
26.17086703423
26.4840879880968
17.2215847866603
25.079158502034
21.7369535274907
18.9916230870334
17.3883163762067
19.9557635994579
23.3415182948237
27.6716534038595
18.7373386848391
22.5215439437178
27.4738062553393
23.0881895076732
19.986664704908
23.3610438725076
20.2669096035724
23.2798180201267
23.311461000188
19.7496909969735
24.1186380786979
20.8553439392886
13.6349061821847
20.1018740745274
19.7082985947668
14.2248002812694
17.3526030574781
16.825929001745
20.1683489117079
18.8132978630543
19.1985975816914
17.7955580310435
20.735450070973
19.4697230762713
17.488387258963
18.2269890014396
20.4484317747231
18.1768878292777
18.127968404889
25.0442481114815
18.1018469294192
14.8243514569293
19.4730982584849
18.6955615205023
29.0492091212532
23.0203366802324
21.1721786501923
27.7755504409425
27.9223548193226
16.7979062874436
32.6465249332635
32.0966355566841
29.8673227690046
33.5623348229788
20.9343512628701
17.4125007110265
26.4899695842642
38.0838223705047
33.2023792623837
18.9318620093873
33.0625383606541
26.5258031508
30.0104123764727
19.3026919392455
17.3038949062382
28.7751362590808
25.4986231498345
28.7264560496029
23.9444061824307
22.4473721080665
30.6877049812647
17.1350950603957
11.6559519199453
13.1431859852158
12.3929531985194
13.5054050451534
16.9109463939899
18.2042186241614
15.5198388627105
19.3533225279145
13.356682089732
17.673854786204
12.9895835156538
12.1029426938102
16.1809039025481
17.9064137976037
17.5968346636403
18.0400591588739
18.0615749480932
18.4002640271509
19.3609577760395
17.9501353349704
19.067216937056
18.9071325294857
17.7813804063166
17.4239231792503
19.0095383384541
17.9468453143241
18.7132542025132
19.8851504337432
21.2129864410794
21.5284135829385
25.5473627207106
20.8802093887943
17.792361740787
25.7044130702751
23.6710693292627
22.0745380959427
22.6950016466555
21.9127964974809
16.9281905930333
27.5911246355778
18.997833108938
18.3482678511409
28.3507721551765
30.6029256339515
33.6644207629181
18.848090159313
27.2242455463759
23.0413787303608
31.9876897677931
29.1869680231135
28.4776398843206
28.7668146541612
35.7294544132562
31.6272694258177
25.8858995809235
29.9247436722513
29.0997818713861
17.6283356409468
20.0643904206095
20.2749632499886
19.2430376714515
21.6962472063337
24.8401314112555
19.2913615657027
24.1169053227588
18.340166012814
13.8053724344613
23.8582572960708
20.5029661110728
15.1401115181685
19.2398187786839
26.2754391892506
23.443058349884
19.904988299347
25.7909113292938
26.9999432253782
22.4318113684726
19.4728684147959
25.7322089803308
27.2762973194915
26.8373247182086
30.9729424562379
28.3683218132821
30.0276631882414
31.2774925090055
22.1054066212003
30.9810010125626
23.1120926570919
22.0654293658578
20.1406739828503
23.7378150431533
21.1576790262511
25.8420599748059
22.1664391386548
22.6838183840377
27.8390561981
23.2813088278229
25.1415631619333
29.0092192176724
28.3119095022242
26.2909422021947
28.0089119996037
27.3086050460609
25.4608195312418
23.0441867304096
24.9818037989556
25.2766979460576
27.8687993039036
26.7404451847669
27.5566986528872
27.964177457629
27.0785552632598
28.0948562412612
33.3672944057336
29.8071825308002
30.9339538914759
31.3105846215905
32.007735751613
26.9922642893624
27.4904379222115
28.7584581074738
32.6215467817337
31.1139567103805
30.2624755732445
20.9281675392733
20.5443013099751
22.2406939072726
22.8374339677684
23.4617300978434
22.2064837266446
24.2787768558021
20.6234672258207
23.7489705592988
24.0266481173798
23.7387131049347
22.4946991290823
25.4494636986627
18.1605182237204
18.6116940194634
23.9127612388832
28.9837330418904
26.3628351831184
30.7312113239533
22.9611138934795
20.4809823850545
27.6596114844262
22.3274743016716
24.7291587652433
27.1124664340027
23.1582753975457
28.3687173893104
29.4184762898524
27.1134060399182
28.1126041577437
31.046452033247
32.2138919335522
32.6349662635019
30.1932352832048
30.5198244630308
30.4947854266118
24.0640903526748
30.7924999473144
29.4043958089595
26.1505699481501
17.1840360874364
23.7193762477118
28.7964382629873
28.0646780027492
32.5714492280426
29.5059154752665
33.9299192036114
28.6569052436105
29.2390044218728
32.2656960480681
28.2018352806394
29.9082543156599
24.0687308777017
25.1021013284655
24.7245824230556
30.2093429943458
25.5610660174265
29.3060985229107
30.601836686059
28.7443412761827
28.9551479486407
27.1763599565917
28.4368822323201
18.1308078291367
19.1878011858151
22.7127952387793
25.7306540551079
34.2010828938408
30.973327296788
19.8383241550389
27.4168511546212
31.759069536535
27.8483271996521
30.7737600089007
27.7269907175278
27.700342879287
29.6127578603454
28.1040483735486
26.5312944530816
33.7275001597287
23.4843732378208
25.0039245666476
29.1047240187128
30.6719869024031
30.5884535812558
26.6749522086566
26.9440999038879
30.8981519568694
30.5720408770916
29.9026224574824
27.4315231345282
18.6407138634343
24.5576659911192
23.5661170360014
22.5427505669056
24.8617286574604
25.2650215149452
26.6600298004069
26.5510866957745
28.7556422820195
29.7852366460593
25.1277809994261
24.6984459130122
24.2905420005521
26.1866494553262
27.5053396177267
32.0992665432996
25.2705779198445
20.9652955262473
23.3511708010043
22.5013352302628
25.7519098152995
25.0638416945438
22.7270928753232
22.18554415895
25.2165365114978
20.2996387827264
25.3795822059788
23.5981748810905
25.6786041320571
27.3572708891774
25.9496236484392
24.4699715819429
27.2672216758462
27.0266329654695
26.4492701414887
25.5226213775283
26.0065332470438
29.5043824195143
31.0747544748754
27.2989926693812
30.0348331832411
24.5496644934984
7.01397037839417
11.4507422610951
8.89042670674737
7.93634961496357
13.2770403152999
12.9402692883402
9.05626250947123
12.1494025229706
7.5291346771086
12.3582153797206
18.199566318084
12.659933140252
11.2865386540855
7.38027741106213
12.0632225586455
7.62358984890082
10.0416386819293
7.76379764734095
11.7672639948797
13.3650532069569
9.94798588980311
15.8198474140348
10.7730501247392
14.2986216662845
7.139262106738
12.6813789241945
34.1175741239504
33.3198634597432
31.859550546272
31.1794424384983
31.9093182439289
31.888631783885
23.3134977765783
13.6556251874523
21.0127560577437
25.7040039928185
26.6465669094354
24.9492346275882
26.5979650389466
25.5722418025312
25.412197951321
29.2111862668115
22.7503601367342
25.1426367127733
29.3923716688057
20.3255813223661
18.2514809207294
28.4093677466865
21.5270021636393
24.3970133215315
26.4006508677408
23.8252063646531
31.6547926586316
30.0125782940271
10.0333285512704
14.6481736822432
25.3526381623511
12.7424049099477
18.1508087953191
21.9823321681185
22.6501120430122
23.5111539786655
23.8939881566114
25.5805332604737
25.8009108816888
21.8214369103977
26.0411263636772
25.6639101981535
23.7594113810922
24.8475906560079
26.4116711765911
29.4791435987773
29.771816043044
29.2483399560182
18.9165618626018
20.6705288883299
27.307722525326
30.5928849966512
21.4398643263831
16.1320687962169
11.9226409608752
24.7662158210442
25.5147130035364
23.2108298210369
22.3781159365681
25.4156564629717
24.6039810666401
25.026753489696
28.2268562961142
28.3775456904128
31.8936576380289
31.3983057977723
32.5986874136067
31.5003429330216
31.14956440643
16.7685723352263
18.4432441871455
15.0212416168518
12.8547291300451
19.2819225117393
20.7152361484554
24.5612433230618
23.658670530713
24.4888776694734
28.3040255103972
18.8144139975865
24.8223525494432
26.1457055707575
26.2304206215728
28.6988362464473
31.6441136559413
30.1542399300543
22.155846811669
28.8899261365906
29.2777305095303
29.9848234938137
30.1871786667208
26.7670934797371
25.1883854101826
19.6916981093476
25.5101316652225
22.4918465449582
19.141827947552
29.2504643448689
27.3085834275649
24.8870222355762
23.9940426188823
22.7825825557568
28.4420834505416
27.9075983904963
24.6265274022337
27.5204954864557
27.3698285330698
28.5124694520322
23.6939219313321
17.8516908956492
13.2158797498256
20.0735634171414
21.1241209990474
19.7412618059516
22.9594712263978
22.3454702619829
24.601530806147
16.1781191163822
19.3032350202674
18.0749289264822
22.6427339993269
13.2508245854571
19.0085972720055
25.0444095782186
27.3813501244999
21.20121682936
23.6767175608536
28.0447804203346
24.955927093981
32.318208267268
30.4596812109859
23.7645994461861
29.171293036732
26.1653713039417
23.8501932469328
19.8166494636539
27.8848504682196
24.0672880177227
27.0335336270381
23.7540884929375
22.0930812700245
25.4674669549569
27.0758760414852
