0.141412834692234
-0.168338561854605
0.130301749225142
0.0384848868894513
-0.273263294195017
-1.12399804581899
0.120475024122136
-0.0698210412619143
-2.1469495254327
-0.665800296126091
-1.38953816195025
-2.74869603664597
-0.0179348161287773
-0.506107435202046
-2.76962068975944
-0.669866028894921
0.321568133637634
-0.727434478381662
-0.221463578449246
-0.742252368154196
0.651774338325102
0.203059223299432
0.414500243478886
-1.41465811127048
-0.171213651443264
0.67980359901741
0.295827576890625
0.258297059835367
-1.02211521749503
-0.220090374897119
-0.158611253273144
-0.572603803053122
0.19084651433401
-0.106196609076752
-2.04082941928002
0.374576856298272
0.0565334720893074
0.171921391808815
-1.54582645966556
-2.13432273698228
-3.08334899354037
0.116143464250981
0.265277904754573
-3.10661943488301
0.456679332689129
-0.802612432872151
-1.06944264500094
0.190945883473224
-2.17917890791521
0.205273695169637
-0.373670892909484
-2.92905915381316
-2.32937729322498
-0.832447243874002
-0.132487101630862
0.390336177507598
-0.950500432401368
-1.06643430644905
0.443951890916359
-1.546231952277
-0.278882975255861
0.503962572237642
0.318840089973327
0.883850380834246
3.2164208953487
-0.0881579853688527
0.525786133400502
-1.18239126741978
1.16746996869231
0.904912364482505
0.562335369551175
0.953056076056363
0.370981675570098
0.591373626084578
-0.121118024086938
0.137016862628582
0.30456116101546
-0.289464160608185
1.44558610213991
-0.146633382585092
0.492836641857146
0.690050464802685
-0.0391238564883991
1.16449395915403
1.01057439096637
1.04356276107772
0.24756078662002
0.248339623984154
0.161235946788462
0.223442077758285
-0.114139965099801
0.244687301093733
0.278149963287122
0.424375455473625
0.440019963835442
0.377758758216485
0.447476655822095
0.296273265550476
0.117780357000233
-0.46192301556995
0.358223564019675
0.598475236033163
1.33081390660205
0.660197754484995
-0.0776134423671914
-1.62779660781208
1.30834558866119
0.600354655861929
1.41759979032744
-0.326487580389166
1.23858510615968
-0.650734649938128
-1.90302220242506
-0.53662844618096
-0.670053472984316
0.376806700380072
0.510420461438059
-1.07305339267045
-0.290360439221129
0.74120450494367
-0.0438752993097214
0.617857486633611
0.554253300337997
0.517080050717302
0.403573121278859
0.253677970537927
0.368539991186115
0.748304311605664
0.374001185099516
0.412808839798212
0.399853123555705
0.335425809525792
0.424258564870681
0.233547280810293
0.387739713838483
0.23107521994459
0.276593292402039
0.376872114090137
-0.0414868287704575
-0.195463567197818
0.584427927071074
0.274221250168098
0.0141187645177796
0.145474980875238
0.590461444837062
-0.180949041468963
-0.603456182214421
0.427053902097008
0.143779459941369
0.612608271935196
-0.681446611689179
0.351552647420744
0.042848381103839
0.527668402347419
0.105979551764615
-0.00200125787847884
-0.222898216347841
-0.630645021139901
0.0788025817082333
-0.0195350630998301
-0.235823631610649
-1.07742807522467
-2.23198093766684
-0.889651800935572
-2.70654788490379
0.773971285780016
-0.274289804836224
-1.32453171357827
0.242414931245757
0.498288635958866
0.21517275406451
0.453507072876456
0.157172333906498
0.383326363254602
0.544093735031439
0.328343012653394
0.111108625171231
0.421371127617094
-0.132959017491136
-0.180520882314835
0.738576497473327
0.0498585281189195
0.410552230382733
0.387622772759253
0.134453734784181
0.735335701024842
0.637778091458653
0.790412820006476
0.466454007796119
-0.184882002703988
2.74298971669781
1.84209928459508
1.25943148177224
4.17299647389279
6.67014320867672
1.63541356293388
1.09168188506378
0.820270460937501
-0.386481860253397
0.270789570343944
0.897012997344471
1.05014493702009
1.31872954116659
1.1979589676811
0.893845066087575
0.524121299172676
-0.88903726181388
0.587237851301521
-1.52222411133057
-0.330528983612077
-0.313580392490911
-1.94561571977776
-2.13779332456105
0.436610541139029
0.195541971854604
0.618312475198304
0.395258798241436
1.21124662938812
1.32863615158569
1.51649645014683
0.861914621372038
0.327252867867783
0.9331963397222
-0.527467370813945
-0.325500969380239
-0.539809498308011
0.217567711449572
0.03066156264335
0.0167347830679577
0.153004071687213
0.541998271928056
-1.24493146568971
-0.692882745618792
-0.0776350990025979
-0.780950013411734
0.414500000789318
-2.74412831574679
-2.2579226641059
-2.40566625687037
-2.5893721361419
-1.67437764963785
-0.0448658240381843
-0.392460992433705
-0.537514311832706
-0.614786606324572
0.0628619441305665
-1.21954379494821
-0.689396763750944
-1.17461539790063
-0.165570683725272
-1.55972137761751
-2.53056626554277
-0.238429607091834
-1.56423244436081
0.245106850103032
-1.28835617097267
-1.77135038953784
0.500856134278734
0.904664438685193
0.849856172558782
0.625095185808246
0.758933887737006
0.203603164449463
0.273943323111674
0.109775437348529
-0.00499318818633807
0.241845987753561
-0.369242197900107
-0.167340071384245
-0.284480374344273
-0.1110829221337
-0.591036507704592
-0.237485293507693
1.19699468390694
-0.857218840859147
0.445300539218099
-1.75443636163693
-1.79515392251476
0.932728305276252
-2.22662844913313
-1.26070058619873
-0.916481454295199
-0.686977786929938
0.749783614998995
0.324689110455849
-1.78910478067526
-2.28816765094199
0.470931855640625
-0.343605681001212
-0.412219623492344
0.985558678126927
-0.0865833597437514
0.712660139875607
0.251288267604529
0.68842230225321
0.999032881187878
0.39599829598869
0.597800077145076
1.07698724307269
0.695771078393234
0.780283780323031
0.718742383219867
0.492232595941764
0.569245940405118
0.693563600635549
-2.00095236145158
-1.09923436868879
-0.414234452751276
0.259408184295568
0.152422049081678
0.298782435979185
-0.117344095136615
-0.283537653692421
0.0892314680681322
-0.283612174431871
-0.512288503711467
0.669308132004178
0.380131240203225
-0.652634905355595
0.60981307751496
-0.0431997151867898
0.278079392963855
0.558510076975509
1.04613045536847
0.647908817139699
1.01176770391746
0.104301662718926
0.2538376671514
1.02333159740093
0.947152695655305
-0.0168453260564517
-0.03952693276693
0.834595479272655
0.985447225499724
0.322199680676081
0.733158227137058
0.37633398776913
-0.341276477065559
0.90327099151249
0.499059106558074
-0.0559052876529771
-0.312639143159745
0.276675670720603
0.35231209266393
0.192674249917715
0.0418318119229192
0.2985603073357
-0.262328335281764
0.348619235606928
0.587386725602056
-1.41707751886494
0.595422110328763
0.260059955583598
-0.809361648786533
0.588677387037235
0.941611690423664
0.865479918296441
0.819966554196573
0.337366204432369
0.614861819046893
1.16926742350336
0.0133332606066558
-0.72198924121678
-0.58939280588175
-0.129545953871968
-1.95341280490482
-1.06577609224689
-1.89223019348138
0.0623341233199632
0.530607139832472
-0.65655405897529
0.339268851181424
-1.07191808237811
0.636713274231805
-0.149693922473641
-0.350804341178496
-1.34733407600987
-0.923054914006457
0.448277562546531
0.622665760267771
-0.819221551530358
0.281471739229519
0.991890349574289
0.556527718293394
0.373817304332859
0.822683810409949
0.289297059108475
0.485393078762297
0.703051423630039
0.45006535399715
0.46180328540996
0.268712638732573
-0.500409994716858
-0.114405339349466
0.794911539384982
0.843588169517196
-0.306476754985808
-0.487289023406105
0.207956468403421
0.332938813257132
