0.0901842335875172
-0.0843453872950237
1.13298586817181
0.606836544127602
0.483643422657453
0.703779002894583
-0.302735857167853
0.521350017168099
-0.0726113644137905
-0.212593015731633
-0.524476987297916
-1.51904622916106
-0.569988664321876
-0.0472115430236984
-1.7892121197579
-0.496458042757211
0.12162923548418
-0.359920197404434
-0.192877963287346
-0.917937694832801
-0.550740518094291
-0.561643588518695
0.242093895466241
-0.145902324503691
-0.18306396715703
-0.528855003774241
-0.182482461558413
0.291078706363434
0.0403635379238618
-0.185160311044547
0.154620240802994
0.458506613740052
0.690012478018931
1.17998713538446
-0.291989199937098
0.718340960915686
0.662955099449165
0.939338394355219
-0.443736431168389
-2.67506309902038
-4.79784909440786
0.00617949568468613
0.267456204317969
-4.38924967779481
0.503018977667341
-0.521688472509754
-1.6706498320699
-0.266904538840384
-2.64232287442535
-0.835561981349551
-0.804386208567551
-3.50330130433792
-3.49679551583916
-0.577132423889712
-0.999142034136438
-0.570106929276476
-0.94698372268686
-1.22559627410964
-0.0821088868123143
-0.845702344344436
0.140985231872581
0.497511922508054
0.0654686721700395
-0.851112987099519
0.455502141703263
-1.49129565727604
0.398437999050787
-1.34696673448977
0.363252940336594
0.943025351887747
-0.484008776615462
1.02260706536102
0.392345191761187
0.897861770592622
-0.307982642986461
0.100365613381875
-0.337633830096849
-0.557059401867626
1.2184555778478
-0.730177173126111
0.125390931217398
0.58574291443086
-0.457438691355068
1.23168592569657
1.08654790664438
0.967411575743898
-0.407903596143134
0.127630139546663
-0.217246014161163
0.0920850713998302
-0.472300615148848
-0.230013870924879
0.431749235881612
0.111023441141196
0.0758854483352762
0.0922282418198233
0.394049541424377
-0.0932634525420849
0.679047616563132
-0.286948021049311
0.283859673128144
-0.234784187088958
0.999878854080832
-0.592930761831117
-0.0873358828200256
-1.96566733196001
0.668820744204214
-0.196960931960496
0.79133251628922
0.194375641810239
0.621604593410347
-0.871411953750675
-0.544423988190981
-0.258424871003528
-0.132515511018262
0.335779318042799
0.708639741688006
-1.16128405267197
-0.00253205326080845
0.114683784397892
0.600069094505735
0.0484519878325405
0.330837039694971
0.163277253537428
0.312194998938651
0.330666135587289
0.0666052653792928
0.433265726346918
-0.186759428836347
0.18929791471286
-0.387228962968293
-0.235347312122584
0.233712431030315
0.0053601247998434
0.364781209514055
-0.352705422070982
-0.313361820426726
0.00695057558324937
0.587867731656145
0.838143545524743
0.760036433632062
0.0303427529702411
-0.465729512431837
0.445820353343611
0.328491037080089
-0.260946092764836
-0.673977638708272
0.143302264314305
-0.119407131053115
0.344709128034971
-0.102224857741113
0.361786451206411
0.383910203874339
0.481730285004072
0.502727354602354
-0.521974772835947
-0.43012708657111
-0.739076562472186
-0.186391993433726
-0.197027556483567
-0.56180512692793
-0.129906733642718
-3.31191784529119
-1.37375605969028
-3.60958899228973
0.681021928053311
0.471681542392457
-0.189986577950837
0.444968633369133
0.278140946825725
0.745984315243871
0.191389658703211
0.405997099657289
0.129958842488024
0.515907363418933
0.0983568444487713
0.392287415574995
0.0915157568168943
0.0825827361910774
0.120300414053598
0.142338703968759
-0.624034720183371
0.119624061819738
0.450711550673989
-0.0567260520274555
0.842198266670624
1.12165395318067
1.22226263324141
0.38499124824922
0.863243523252472
1.40769453807302
0.854533652853054
0.0785645916853782
1.1511017149455
2.00016535894568
1.87661333856625
1.56662007937998
1.07389081067916
-0.0205909667988098
0.485442114712853
0.611688922761605
0.754604408966374
1.67025858580702
1.09808477760945
0.900271433676694
0.326672452849882
-1.10172715746837
0.205744580677512
-2.10698287487704
-0.483211132743427
-0.246764717976898
-2.38417352587673
-3.16168222598605
0.456132665616804
0.749061803134504
1.30029913768805
-0.00242255479934579
1.38087557926741
1.61963689301741
1.93675756605501
0.981283707410888
0.817926087041264
1.06459558154265
-0.352015027508747
-0.545536515380605
-0.749306903978466
-0.0782572328995639
-0.0340344813644518
-0.334198547898528
-0.116057235084597
0.384436996875602
-1.2934693731701
0.136062767777708
0.331054215982849
-0.694872887017865
0.886513655931007
-2.17443383542396
-0.897904068473535
-1.77373892761722
-2.28889518210998
-1.19603203674786
1.35373190957649
0.851641087614275
-1.60300025290816
-0.0392502003774569
0.728477086252583
-0.842951805744139
-0.00152332768119994
-1.04154363039499
0.253734684074021
-0.981038851652572
-2.88558132153468
0.816587389466175
-1.65864794062228
1.1784061798245
-1.24893879265444
-1.47907209641676
0.454192047071883
1.30922502039937
1.03147988999756
0.417099200525393
0.275730468851022
0.0253790838996855
0.887027170093513
0.671343858984879
0.636241820849603
0.220078118092697
0.128972315800803
0.438183567780842
-0.187106870753878
-0.421188079731801
-0.877991435517205
-0.20899290339684
1.52757391722831
-0.301402512714485
0.336482001729908
-2.15537675767547
-2.08416671504033
1.15829040149338
-2.5262596511707
-0.910779589040249
0.264229712406301
-0.147508218570917
0.957564721269199
0.838744370193233
-2.12599896638224
-3.16335345258591
1.38803062652016
0.371776065682871
0.548364822192183
1.31790630624657
0.484348156127693
0.958882467689976
0.559473244124876
0.78538706824603
1.2956502901997
0.530310359400681
0.10285484437665
0.94912907509158
0.796585381826483
0.586618814058972
0.574665553234218
0.086961749989499
-0.0463251154032043
0.0562714416486593
-2.32875260080554
-1.99211759739388
0.0313843471324643
0.201257826115648
1.0049002735431
0.723771311381825
0.429008125502964
0.278610228121871
1.11950008600985
-0.0502516490147272
-0.0885871611700072
0.681743550833523
0.274909437121117
-0.665740067550704
0.5782341105982
-0.25413203088845
0.717438337193565
0.563451977873776
1.2304421959316
1.14244724542511
1.15530334449209
0.962088192416754
0.580827163996981
1.55575720076439
1.78806955366179
0.818144360021216
0.613725423618679
1.1615906115337
1.78115481417552
1.22387739003113
1.1626140933287
1.07691144571135
0.183126448335524
1.49768450830707
0.942223640241199
0.346752432215963
-0.232723907950669
-0.0482310110198387
0.59876263922167
0.177297875704258
-0.290428473800667
0.0253910705940683
-0.244325710136038
0.332721461251778
0.477367085264666
-1.13088401260106
-0.326492242839527
-0.0673074211213546
-0.751492281335836
-0.165146086010194
0.355721439096001
0.448646314836523
0.311900824499043
-0.719905382463604
0.143946001367665
0.970226593048176
-0.170552305042871
-1.031860199156
-0.87411162721295
-0.246268273893754
-2.14947932712023
-0.118607746956873
-1.58131294156109
0.974246458707174
1.06897438719385
-0.539143557411154
0.148925728337639
-1.2593390250854
0.342689009367692
0.922370099533891
-0.0137679550055793
-0.86102806825089
-0.20665872696133
1.03692186010857
1.13973518380734
0.0753655114508052
0.871367440630954
1.43268622820546
-1.27687421285744
0.750734157432699
1.15760872133751
0.505193717023204
0.39762395260723
0.805633703507122
0.43303276713391
0.327375921605872
-0.588426890031745
-0.641732821452299
-0.777784069656398
0.0362284028473614
-0.00902347818158893
-0.764818556896722
-1.28535233479167
-0.332917926978539
-0.053902761804441
