0.408691256084044
0.881214867062214
0.0417918615845065
0.573283035397723
0.344082083394612
-0.931040486633103
0.125755197709117
-0.0681778098320831
-0.426188776736663
0.193930543225519
0.0796337602462048
-1.75493045599175
-0.585736427996161
-1.22587153930747
-1.27289065163306
0.44617761272195
-0.314192624713503
0.168014339840272
-1.02360232064664
0.203285713144212
0.710819219585081
0.567703469576487
-0.829077898664403
-1.24882524082441
-0.251977731508451
0.406113690662919
-0.228080691647875
-0.778409427136564
-1.55679481405025
-0.60407596680165
-1.30737106281348
0.784388867716642
1.3475535109335
0.634511389023256
-0.364542648244192
0.840454821055773
0.432367826178953
0.719985774134144
-0.282799451594625
-0.510878777443821
-1.97426035833465
0.43940163834123
0.562273678273976
-1.83069889437421
0.527335950308216
-0.426021816713184
-0.112476286528779
0.544523717232536
-1.13455958941224
0.591266726725845
0.112878282027098
-2.02129323360502
-1.16559138668001
-1.11828358478206
0.426744740888607
0.167853797886638
-0.891484759278073
-0.756567952572329
-0.182844091141579
-1.82148979451217
-0.571988647454775
0.948694840144355
0.330570720978659
1.38872514460947
3.45018717723613
0.931815130191409
0.140719194653671
0.287643932221167
0.987457089600002
-0.178022356824602
0.813186321353286
-0.100312920445622
-0.590120892407339
-0.892723860397365
-0.196058378465801
-0.520538632110292
-0.801029452870539
-0.417471808906082
0.685701794497028
-0.444977147961946
-1.17434236140541
-1.23128828218997
-0.390222221285356
0.480756136177976
-0.0122573444929845
0.0109001202785848
-1.11778448853206
-0.988835152776174
-0.861186861960532
-1.0248724289914
-0.861596865322457
-0.914984383440503
-0.953645137806299
-1.01034367665754
-1.36091726180429
-1.09323337154781
-1.47821269305773
-1.48746678030633
0.466481396921651
0.174504651024915
0.77471465661983
1.48574857548775
1.68922719692747
1.2145507370336
0.217856489038311
-0.530983794774007
1.28712594345976
0.931799410091586
1.270063499196
-0.118397737229756
1.34312384917979
-0.62449349622172
-1.92171966403825
-0.730653244060867
-0.488923765483907
-0.182483562731665
0.0377767316429973
0.515186837419119
-1.38477715396445
-0.193608298266883
-1.14091335973251
0.366780340872979
-0.197560732365526
-0.996051675653574
-0.872344646799867
-0.93630424775263
-0.709442986784472
-0.0956865738595284
-0.867054454102592
-0.843768109484904
-0.702664044924069
-0.871895492409725
-1.18023203017259
-1.02040819168393
-1.68391676670165
-1.23693740762168
-1.34672029266931
-1.56655549688976
0.464967998912404
0.193885805624724
0.0670225081732289
0.046373220612024
0.117528019359906
-0.71560050772932
-0.139088552263878
-0.12429416215345
0.148128489995506
-0.129362261601049
-0.311159446109217
-0.785355821797527
-1.58874295685282
-1.67983682647817
-0.943805630533493
-1.16686958045886
-1.42385814250635
-0.536317938690283
-0.176978514929582
-0.105626558998435
-0.988930702809169
-0.0814229883798619
-0.526125853790138
0.428758798758542
-0.851022692691444
0.0160743489202681
-1.72604776683156
0.192612285009211
-0.593191729564878
-2.15165798818903
-0.393273509333535
0.530788467970838
-0.793065105482265
0.244628332774941
-0.897315731369793
0.0157765602221869
-0.344417704371506
-1.02772517816254
-1.02991627548266
-0.37178987814557
-1.6860518663683
-1.50267713143494
-0.42055333131463
0.1673480922033
-0.618764798094892
0.403527061339352
0.272609724809008
-0.125190517833334
-0.448487535157004
-0.606427687798532
0.0193422580573077
0.446527122087882
3.77339297605444
2.9301060010163
2.47892585982506
4.32344315637498
6.40752232355976
2.57041399143705
1.27138203906957
0.338653414200202
-0.196333731281617
0.895214400447534
0.781975912237271
0.842656189386
0.500051006853854
0.622468029524169
0.116704089010508
-1.34344482297292
0.0503855309866157
1.05991579846288
-0.685283369525874
0.0357102087302477
-0.0696581679881418
-1.4500754605723
-1.43280505121317
-0.531034285463486
1.4072530116283
1.74030316617677
2.26189492633842
2.49802837879679
1.45035027607487
1.99726529452153
1.25927766160107
0.44869276081182
-0.00650473482741834
0.654364031012945
0.496595229551546
0.790967498901372
-0.143935655566963
0.145264809839647
0.38562948480629
-0.787373344286668
-1.3845632992436
1.18645708825647
0.746279334263499
0.394095017587165
1.79695501562338
-0.261958418007312
-0.124127199815947
-0.0332274878032383
-0.152943217700669
0.0869157102811586
0.685239068298563
0.704854591165293
0.719691734836274
-0.766061711758794
1.36167332725238
1.17389958688362
0.271244760680879
0.155536038348494
1.49075555650242
-0.0240669029093829
0.513181591760467
0.105183047441018
0.752579792741544
0.732477838521697
0.998060547227385
0.730268229675169
-0.202163147939805
-0.453147014847531
-1.07941470827114
-0.831959849819566
-0.45288346328405
-0.25144895151687
-0.173094529304247
0.0450945026853656
0.225719983485785
-0.258506542931969
0.0446884322738845
-0.135381901895541
-0.321118464614114
-0.185524119445158
-0.0133682666828832
0.263287667598623
-0.49465224296292
2.73497826399079
-1.12284832090792
-0.0445576271901562
0.394495031267568
-0.14975470604467
0.211841396640444
-1.75501436328016
-1.17452403042823
-1.24334822831269
-1.17360314957279
0.221855250626637
-0.272624950894773
0.0880369914873496
-0.509338147250701
1.90170365421771
-0.260539425202251
-0.626242403584176
0.195126844460977
-0.249906570530414
-0.23033641588442
-0.229595965377495
0.166809915637782
-0.219414742563176
-0.627663768752932
0.576856388604592
-0.519075892518035
-0.757074885223599
-0.674712809869528
-1.05736852529887
-0.446154050263489
0.0101514507609737
0.322314636666761
-0.150271763460686
1.11891174249087
0.662741546274705
0.0288070530465975
0.889751335880435
0.778993040023895
0.166701490817237
0.726713681456588
0.301056393891135
0.392423966847591
0.794964484593134
0.403478695870586
0.240688301447826
0.261438159466776
0.0146780550253614
0.292375439826975
-1.1908421354667
-0.0948261116463433
-0.280446218713785
-1.31619407040661
-1.04562589854657
1.02163242745145
0.49995332328672
0.861198491966166
1.72712414420938
0.147679223657398
0.00112783053649492
0.586317043360898
0.329646412918564
1.13613593476038
0.0360399751301414
-0.874557903200386
0.828865675355001
-0.206007600848043
-1.04561647097312
-0.469529604914591
-0.0529492970550462
-0.986546928482695
-1.66193332063322
-0.629808695707545
-0.707867526197407
-0.955017327601334
-0.37890516872806
-1.20952917295657
-0.90231953031805
-0.00905849759779474
0.967769134280134
1.03117014175789
0.321875152897976
0.580758238476615
0.969399250409347
1.03297281620284
1.09062783331575
0.93008116628737
0.332558054176853
0.857533706059241
0.499675670487039
-0.0116489087007999
0.133979312364376
0.0848511831174104
-1.51733388539193
0.562863677505273
-0.122305262775341
0.554966684888123
1.38559350188641
0.624577758592162
1.53349479504562
0.277506018079508
1.42651065980909
0.971322826189264
0.309261194861258
-0.248058796544926
-0.250120285109412
1.52042178638752
-0.316179283114678
0.900112520444214
0.538729260468646
-0.785544623326505
2.02922805344889
-0.588476795912561
-0.783401540605433
-0.168819951662028
0.17008362026784
-1.29604379733612
-0.284172671922403
-1.14499126425804
0.76562417541371
0.187447006665099
0.696791914765173
1.07491633939211
0.854971478781666
0.909156375730338
0.920612265224838
0.63413164460537
0.642260199665439
