-0.953433249949376
0.010215981617785
0.0710469544720572
0.883001786682344
1.78337829773382
0.624713978416386
-1.78997931492752
1.56620120846516
0.876771459851766
-0.0800188350355491
0.812643971027985
1.02356134530815
-2.24842227162294
1.54326095831831
-0.141832714577655
0.270525623114162
1.23800480877152
2.90758529650954
1.34852065784626
-1.13597689278424
3.31848812635394
1.12480735659127
1.11453702860538
0.451980946302864
0.825506503480093
1.37933924762731
1.02680922673122
-0.749706288820026
0.113651418275485
0.389148648314025
0.967324875107652
-0.179662593532511
-0.175025086788203
0.801874239980092
0.273911442980152
1.16211671410564
1.84388187735339
-0.710563701633028
1.63371504693432
-0.274335051167132
-1.59173420194728
2.46901008448755
1.85746258486668
-0.976019588613161
1.20644971040335
2.23116298639215
0.568253081921176
1.52102265499375
0.648516038970898
3.24632943557241
1.09805857347743
-0.982103493830748
-0.0308783773313462
0.987562255603957
1.7688167659314
2.21054502925752
0.365043221634133
0.631512095378537
0.895786930112949
-0.523729599432765
-0.919633454045675
-0.352079151809303
1.51511542231541
0.169199677753668
0.733858690385369
-0.309518037775806
1.44762637801977
-0.0271387404360656
-1.109417405399
0.8364109372628
0.57756335162476
0.704281971173483
1.29152105967588
0.840956444209538
-0.30985015880082
1.03372624185845
0.987181632456769
-0.167714872123886
-1.50118970733022
0.232505139988323
-0.346531614878244
0.890590058131913
0.0920631593744055
-1.60654210886671
-1.77100186332468
-1.19907431599675
0.429547422687955
-0.196089007580376
0.399161299773114
-0.270714604981416
-0.0352491921488886
0.305950068190765
-1.65588431723173
-1.71049748973991
1.00012551417148
-0.349197269624573
0.492939478446787
0.12761194456134
0.277901938047344
-1.19125457093635
1.13992036813373
0.315802696541334
-0.664239141126422
-0.706061594804692
0.36839552536209
-1.15172034814162
0.754222307035038
-0.224059140245651
-0.131825232878091
-1.63172955664878
0.769552038975093
-1.5750371272475
-2.75553744498072
-0.3527606604155
-0.137542696537184
-1.6888319407229
-1.04238669909157
-0.687133298734962
-1.09636408861758
-1.41049053660345
-2.28399274983932
0.598891240047132
0.764046360616876
-1.42679548039915
-1.65873466615663
-0.308350924250955
-0.451311816154124
0.816895190879908
-0.0521289944509701
-0.252624521437576
-1.25177422149524
0.576786840793245
-1.14503240554368
-0.239429498102472
-1.18131575714679
0.669736985814218
-0.802418879711766
-0.106264105331904
0.296721878403959
0.833094347202477
1.16129396180989
0.885900954697402
-0.212162946434126
0.381711121810822
-0.470977570640361
0.929677968571342
-0.0170587143431152
0.654258049262661
-0.413220903569928
0.739920846426788
-0.334225114651018
0.447726008097252
-1.20476526489935
-0.03752512729308
-0.49514865127205
0.0889939643813069
0.810211718300023
-0.226329392355254
0.831896877087133
0.664951005663477
0.783817890821261
-0.00499810408504684
-0.665920755534552
0.695813046142189
-0.873243050809471
0.549395408439401
0.468742021566412
-0.932616507626418
-0.333831907420677
0.171426291813279
0.0849632779131453
-0.423645353319542
-0.500850075792883
-0.163619839603345
-0.551462457815008
0.447448560759843
-0.862991615659658
1.10283466443092
-0.380415981789254
-0.539830749000788
-0.351018782939676
-0.421546061655441
-0.800028705139472
0.299495371858029
0.190072749754748
0.341306733624268
1.04042520397999
-0.0190213143322231
1.38124002094181
-1.23707073840304
1.61969507325354
0.782090647367625
1.78898734294319
-0.431635033157079
0.69407678648131
-1.39908618139337
-0.681353541848481
0.246286329061164
0.45585463493413
-0.990492430458951
-1.40164608502719
-0.900776252821135
-1.49508360661457
0.298242459677058
-0.302869663070469
-0.441478976705126
-0.436074159104755
-1.33157929489035
-0.876666429037547
-0.47116186977478
-0.545727058236578
-1.85210774015274
-1.31666883933119
0.227138987458788
-0.798874239445837
-1.25280232153728
-0.448541279690665
-1.14218593365234
0.40626355245877
-0.0095251764245794
0.0319915385601463
-0.930449621216618
0.333353250714334
0.490292558954031
0.318501411340307
-0.844302290717949
1.34625711133012
0.154753760335635
-0.73787691210705
1.16702618833427
-0.445217019064242
-0.470684126769539
-0.579605645795488
0.246334264300086
-1.3272884619448
0.376621024433315
-0.779978681337843
-1.63803776002301
-1.72906084398466
-0.135623776143663
0.0476540339554409
-0.129065923048854
-1.42949367803466
-2.96788824164474
0.510628459089372
-0.533031961699208
-0.0324113618215176
-1.27615789416579
0.443097968812151
0.540379711686817
-0.637523727950665
-1.56945500090788
-0.970291197916464
-0.778755068184788
0.0989358709278105
-0.139746947158134
-1.86363259129324
-0.725660101877657
0.743089728772403
0.644156410967335
-0.0305995224364355
0.229426196549925
0.0929998580931327
1.28655879657718
-0.34239066242767
0.959012410523226
1.49565372480561
0.835203807770752
1.02318891689814
0.860587991642524
0.18065085643052
0.555981588379888
0.639064169866429
1.03061243892328
-1.44437800126717
-0.47184874209286
-2.14421114255659
-1.8438374564715
-1.06466647866643
-1.1846590805179
-1.06572400895635
0.186738611558845
-1.04926423616103
1.35091389917594
0.514414922614916
-1.06338334792386
-0.487065104312953
0.432660130490775
0.188961605583877
-1.06818509542284
0.246719243470389
-0.232452560896312
-0.910204706747983
-0.489055740772007
-0.430248047466923
-1.01835485228884
-1.05430181989844
-0.0430030898353201
-0.306346121962898
-1.019719413251
-0.964445543568434
-0.149143868575573
-0.58630860113775
0.124328963177243
1.72506522105735
1.4842967194491
1.22509851718944
0.568191521558169
1.58655058161651
0.794595874197982
1.02864441731381
0.931543428835784
0.647807686793002
0.511121071582197
0.644144826725412
0.199522111881592
1.58270145204797
0.890208808351037
-0.690743346911038
0.0105529745771217
0.455658049826443
0.527565027487232
0.755489058720597
0.631994771732588
1.11874493485371
0.762260482826478
0.178378568018967
-0.141872957869005
-1.64411734187573
-0.936060833525138
0.923059512895124
0.282734796442024
-0.546057956858112
-1.7004396287805
-1.05121037480097
1.1161727903746
0.206551525573346
-1.80809803375605
-1.42300204031167
0.431933650326344
0.994167163043432
-0.252130097299466
1.23005028599017
-0.539483368475283
1.10661885263689
0.307328319993843
-0.21407222118192
0.64485192428485
0.247890843533655
-0.570785541962513
-0.947576296311645
1.24719170500232
-0.917373503836475
-0.0850216627629439
1.27763817923313
-0.0166483294612391
-0.974227115823795
-1.33763355418059
-2.72114017260744
-0.359406599121047
-0.228264181048965
-1.01833508494081
0.194010524749954
0.324169484422284
-0.333093959146178
-0.996346980621542
-1.09155050708775
-1.49496360537618
-0.699054404248873
-0.399445219287245
-0.104596421429802
-0.539401348052387
-0.0819940413483927
-0.907464946826464
-1.04059470708825
0.0735695362164608
-1.82070709465236
-1.28577420709421
1.11593653162404
0.0790477485992545
0.191387001314969
0.470841521122833
0.0586723417485525
0.8126785292619
0.897233274889372
-0.644379368901877
1.43038860235036
-0.0822416546728445
-0.201525912618371
-0.992204659098475
0.570118156479081
0.822513314449846
0.60324444976783
-0.434782860793335
2.12524125904141
1.79633756370917
1.52338392995556
1.58368951177209
0.80334719793837
0.863605515054241
