-0.26848493760729
0.127950450492562
-0.0824861718718376
0.415371192843983
0.200790289436782
-1.39621833822487
-0.772844335436855
-0.0161984392909566
-1.68721659646905
-0.748529231822532
-0.854032212005269
-3.19943601793449
-1.13970411861332
-1.1439475688428
-2.86791153834046
-0.279168931990209
0.265820685587814
-0.307618492632889
-1.11489578889854
-0.450381447691953
1.09919257558195
0.356112627541682
-0.114276979333818
-1.64158832858703
-0.0139277992794818
0.992133076728475
0.0315434836309481
0.0118532891899372
-1.19899148292761
-0.0130443407042169
-0.382231520420906
-0.66407122287484
0.30299564673879
-0.0867010808876139
-1.87431462732335
0.608722073224316
0.0960952389995434
0.063538577997323
-1.72892663779459
-1.85229651831852
-3.39232954599974
0.339420158865261
0.487460489822653
-3.54044516960371
0.504288934687854
-1.08580606991696
-0.729631942333312
0.0478248952436243
-2.44358203769858
0.21961555591334
-0.688556338539586
-3.31546374147096
-2.09382441395642
-1.16178373242319
0.13781406601138
0.670110611282393
-1.24775072926704
-0.973029337859019
0.421063838687405
-1.86672750917641
-0.362140515422625
0.719429195030769
0.755136383810636
-0.282862841907858
1.27921486998281
-0.216739527909711
1.1215069556735
-1.13376638446921
1.86601495439514
1.31836369410737
1.64154880592301
1.58459154540947
0.594276485658966
0.505824964492233
0.00859008946624596
0.58227461282835
0.156497323579879
-0.232747897809728
1.53505257182135
-0.357807496280299
-0.0384883565063298
0.310770845798903
-0.406303422701847
1.17697266973763
0.117642510092445
0.539288668036758
-0.311937558814236
0.140232620425632
-0.372501813204563
0.0441622089219722
-0.34895335138796
-0.587772919353984
-0.0974602192496224
-0.28518859597125
0.0467910338886653
-0.107737268349589
0.18466950970267
-0.320198564226803
0.317770495435021
0.0569774047717948
0.736622419671194
0.965664303635969
1.46968612011292
0.354831484327116
0.326372150522429
-1.09006096177807
1.8461579780975
0.945496464366098
2.09008994641534
-0.19650633937426
1.83609649277944
-0.500194969650304
-2.47726380695198
-0.800918032142509
-0.971407949111729
0.0951296075937339
0.606263180911647
-1.06965060292974
-0.897999676708528
0.28294861331556
-0.392102578319549
0.699744989469826
0.171926442125607
-0.198364576335018
-0.544618798664009
-0.335496681059833
-0.433054023767751
0.30572988456249
-0.124945063676587
0.197445503214637
-0.249370428073196
-0.181359998121462
-0.215524610592833
-0.0893236204335789
-0.321041867995955
-0.388887975412762
-0.513080550220977
-0.612625828798949
0.176559055441403
0.0574844527922399
0.852415394001676
0.749621611405395
-0.0112589284410775
0.512109567930442
0.603748433233026
0.326836622555173
-0.505096520192415
0.62030941200503
0.297648800096708
0.542520417465141
-0.700547716929306
-0.0871056833566916
-0.129809312245205
0.391352914830523
-0.0943405041750629
0.22785047218467
-0.0992085824344563
-0.714152600856411
-0.0645623219524587
0.464651658075357
0.0487751187032993
-1.03989442403387
-1.96573706000359
-0.505369957573814
-2.32294022410815
0.600956726385266
-0.095574190468042
-1.55506913970852
0.210771924175947
0.653913234215916
-0.080386466997182
0.524301338828473
-0.304438915725425
0.418264011059523
0.423444027168849
0.123202013700234
-0.548208462768574
0.677730417546885
-0.709326422434606
-0.883024505595801
0.374633179854891
-0.128690002998993
0.142664629159853
0.508368454270356
1.21558204292471
1.02527308789597
0.908839106135523
1.19672847443857
0.934463126084514
-0.163711030269473
0.675247255289427
0.932130702748258
0.377096252234815
1.31807575871171
2.08465274647956
1.76381042031717
1.49241571277993
1.24327895381659
0.224775285096084
0.297714699920249
0.763830956671605
1.26980412060646
1.08933874256805
1.54926904439333
1.09437340703999
0.0369058969427427
-0.448946461802622
0.898263811493759
-1.15480352943598
0.115765037825278
0.166348733394889
-1.69940987152768
-1.92093818755022
0.0964121787131978
0.364008873354069
1.07831160914734
0.640430294593798
1.53857642589735
1.4134209433717
1.66556878417554
1.31219275687732
0.332201559167836
0.96698342625404
-0.0946204175543748
-0.134800673666459
-0.015194321196792
0.259927273478372
0.443352855746896
0.460784736582215
-0.00279576834357999
0.0243941997891481
-1.17979355296999
-0.816395936142015
-0.221548888507119
-0.524590816598438
0.160735507207791
-2.16632661636472
-1.89038602146225
-2.41919026738284
-2.72861933477122
-1.33462499375802
0.336587318568591
-0.262596426624207
-2.2445782333625
-0.691880456975409
-0.0747326879619044
-1.33697098658876
-1.66187718195
-1.04609371974385
-0.598778206740986
-0.972385646538258
-2.16389471112563
-0.263960315530722
-1.62753593293033
0.0905658063769474
-1.88451498100742
-2.30490847132998
0.668389775641305
0.838436579661154
0.949014855577767
0.505367077245982
0.999696135281792
0.717625018541167
0.567181876238329
-0.383579275686417
0.112804164558639
0.659969687298225
0.199503941491773
0.303769319818663
0.438864695460175
0.394488415225057
-0.305122589868275
0.395656870595999
0.416900260705207
-0.666745863612215
0.655762031393142
-2.1789106389602
-1.81109625287518
0.716256641764577
-1.97442781931877
-1.00460393724501
-0.91251698556093
-0.530587931943978
1.01254052180235
0.406213738309064
-1.96388695794758
-2.27658239734474
0.651068569777218
-1.48126913520975
-0.809301493093306
0.681368175152474
-0.437832704654943
0.253796555419858
-0.133296397177678
0.551363053233598
0.859335979874908
-0.268748114219989
0.763712253112288
0.688193320524131
-0.116566933725258
0.340654774310597
0.289418679006123
0.274548777351117
0.764856717658698
1.39431043154389
-2.65799387838923
-1.97500209610547
0.153673305923765
0.549470570665318
0.487430241801953
0.649809683271087
-0.0415499113838666
0.17980540323528
0.503792611686598
0.536995350742151
-0.333208448078315
1.39113859957065
1.35428328810798
-0.289471057515804
1.12003572953675
0.532343174219464
-0.105940816988161
0.812323856595852
1.27562727302217
0.38378333028252
0.909215986821156
0.320361331308459
0.28111322750283
1.01941917617428
1.47202051672682
-0.0504014517162233
0.356059816571843
1.00596754915743
1.03121162850751
1.13995397802503
1.19681442889921
0.225327747407736
-0.0413699865002171
0.764145327096144
0.535618991251446
0.166081997030908
0.0760120377655447
0.507553772907502
0.0777130728298121
0.138525823098032
0.450378916952262
0.587053132165766
-0.456085010536335
0.11186941334474
0.0564020833171373
-1.20189762795976
1.25684240396017
1.14452885731605
-0.466671219535353
1.25337964846708
1.74180163102598
1.51916144543613
1.73763355347551
1.23422974434534
0.973838811926567
1.85923669141094
0.492832482751627
-0.193777149154491
-0.119808563406527
0.233443663114222
-1.6327451993271
-0.948960044065598
-1.77236022450353
0.0937497554759465
0.975168683252979
-0.20357202724408
0.583073668158166
-0.59120425917204
0.786748543543818
0.216984516447933
-0.440279577015924
-1.45937667682648
-1.06060264937653
0.922554580031551
0.396182670273381
-0.232400887595196
0.959428034699233
0.576904766781908
-1.19691888990263
0.526629782892383
0.700160047864149
0.520858044761658
0.593828527840829
0.354368702408216
0.417461960057378
0.151292852469351
0.759813314445895
-0.968509650925558
0.487130533611278
1.41787417437337
1.58761690398721
0.275994427710953
0.318052548508275
0.643291163622006
0.931516296073239
