0.0155248147612739
-0.119842261401811
0.443725133407308
0.155307185735732
0.0670322734994738
-0.335710909783726
-0.266589615785189
-0.0643248706974942
-1.22974469285659
-0.255641087368894
-0.827660501222601
-1.63405011993195
-0.436078053766079
-0.473054940414762
-2.1410742696282
-0.488248098894145
-0.410876766066993
-0.24633564417933
-0.210704566739668
-0.60074399858638
0.216029809076848
-0.349342969159718
-0.107420402746983
-1.16308234201055
-0.332865334477768
0.157590018167876
-0.325850509188912
-0.202450878829113
-1.1102176178748
-0.644349727954883
-0.479142018780088
0.13741445911614
0.272450708271161
0.3639042782797
-0.697207345973254
0.300482508834296
0.295306362739157
0.765136900605564
-0.663467112664351
-1.5519985138721
-2.85225858149919
0.00144465856743075
0.159326298850603
-2.53135488096082
0.339514233831667
-0.476734053185453
-1.04280513834573
-0.17753644353176
-1.88158266275416
-0.34603831299825
-0.921009128088839
-2.59340512644841
-2.22435764099701
-0.940287731719887
-0.652607779521179
-0.224049486310666
-1.09106254436794
-1.09089493730303
-0.231828076547355
-1.44344674584878
-0.437349990788545
0.197153833622696
-0.140320692909158
-0.784099814625843
2.45447419452523
-1.06304135517872
-0.0469144430742911
-1.71927160379708
0.986211566872369
1.05869139908633
0.383899239600634
0.881164495840482
0.130809461710245
0.253070698265168
-0.686955552602954
-0.440490169274051
-0.222919374432201
-1.01159834959361
1.55958073649
-0.843609590007705
-0.0944547075024547
0.409840062206783
-0.702432426355853
1.22114733697513
1.28083949072521
1.65990374116339
-0.106663602060697
-0.132920186101891
-0.080731711112045
0.0513954063209471
-0.359689432146191
0.0526822745466891
0.463475092672734
0.63806815777974
0.620250506146678
0.341157221838684
0.287321956485469
0.249706455041155
-0.018475451623252
-0.299662962145007
0.170130694359267
-0.220258179763849
1.44484499884397
0.138461411300971
-0.0463050391408267
-1.31618460203559
1.42167974435273
-0.25633118871678
1.35034176269188
-0.0281943508408023
0.702472358634335
-0.374879428271987
-0.800226255273732
-0.270027603096145
-0.269760976634075
0.29424695295918
0.187070933643335
-1.52143021754604
-0.17285826249139
0.367611449502099
-0.105764415868597
0.275016554490595
-0.0123588672000696
0.212949541683021
0.359432199005443
0.0946998671770237
-0.0410959924047321
0.841304338251059
0.0767954145558746
0.186319670172162
-0.0245173280030143
-0.0152359155274926
0.387367575663211
0.382410959127972
0.254708503030368
0.155243592237523
0.075377087883361
0.234956278887325
0.229131999845222
0.017420545665336
0.137659615183929
-0.432325309158919
-0.375228926652271
-0.272088604003877
0.286845797720861
-0.790851457595717
-1.38767428630466
-0.124625264079022
-0.353442166234823
0.16988920397695
-0.80641391919173
0.0578436169700254
0.219153027394942
0.179341069414656
0.184886953565775
-0.233633300713211
-0.386074005771635
-0.976608009985337
0.190987152162484
-0.414196146988539
-0.800104422384753
-0.251673760422284
-1.866777596932
-0.879243525579755
-2.55088304807991
0.176266021189893
-0.123664804948027
-1.22284806472028
-0.18116252248571
-0.200658525167578
-0.00915297450777162
-0.261519776036539
-0.0845178347233712
-0.10643996329857
0.181587000170396
-0.18337963946416
0.0123623757238502
-0.0127720738096441
-0.445428322175749
-0.229082614877102
0.485234036698138
-0.270980797332382
0.591360141150852
0.360913906449385
-0.243264273567628
0.228375916363318
0.344681693534367
0.311858856861852
-0.228659537466549
0.102740298389259
4.0393512025253
2.55642104728001
0.162685363367249
4.3670424181326
6.52827861199896
3.59439685803386
1.74935845933739
1.09721008749295
-0.471270275693894
1.14863922967805
0.901274127094514
0.839450744273479
2.37835735553097
1.16306237783904
0.818030707248119
1.17433282582737
-0.782366060676301
-0.214625518598907
-1.29118965778797
-0.212274932271569
-0.00458407404767426
-1.60516148844121
-1.99579944459024
0.449122604966093
-0.177603697786957
0.94199054567264
-0.45435292812027
1.40145732544926
2.19204580189458
1.98915776926454
0.858005159785225
0.807690696990772
0.856955909371926
-0.389807053380296
-0.733761854193781
-1.01209963140064
0.320349927596864
-0.0315375659937199
-0.478685115671359
0.077287942605154
0.825051815732898
-0.354647226285895
-0.12674458715945
-0.00255109361475173
0.20495263799207
0.428987718950385
-1.68181316613331
-1.48288152489362
-2.13659141153703
-1.00430177734561
-0.650732714595774
-0.0468284612027953
-0.392134127642119
-1.84308879107353
0.032593104720451
0.366058573413561
-1.38078479209482
-0.714886149884083
0.0815035512795534
-0.190688958977653
-1.32161983922613
-1.93252064935275
-0.350651792270479
-0.852512007020498
-0.111783088326665
-0.725474489602207
-1.04635110494189
0.0141347380020266
0.568160656144812
0.387861086396303
0.12358046303379
0.0170297442865377
-0.260336152417422
0.0983226191166818
-0.0398578517637903
0.0336095173275003
-0.181293838727663
-0.729947299374721
-0.207484979741699
-0.784661396879208
-0.581466328186639
-1.34759356657919
-0.576619950904005
2.81113941870404
-1.0053690588909
0.384967204350367
-0.971975013638003
-1.83940290354079
2.52557423332459
-1.98876048538432
-1.12190202044255
-0.836354483349691
-0.665080740909114
0.270799229257607
0.105134078933208
-1.16974150494422
-1.60746495141204
1.49877320935016
-0.342176397652503
-0.246631241353449
0.753261241878396
0.243973028058684
0.600517981016728
0.531859293152101
0.714939480757898
0.904027132169951
0.463326258007571
0.263311990638966
1.1321703789812
1.05936548197947
0.854589696814713
0.653729573037974
0.519476310990742
-0.0218294473827293
0.451487076633673
-1.73203047424789
-0.7236038982374
-0.0637345296892002
0.751587919959241
-0.11603188733325
-0.25633398858601
-0.133284142903015
-0.733078174815244
0.21626479370024
-0.919945858313325
-0.941139887407869
0.0938492099158434
-0.0376306640622633
-1.33206969230085
-0.0181832486356291
-0.714142752176037
-0.0204354427323697
-0.0830297910911586
0.549355695551118
0.256432669549758
0.391120670426559
1.25906977475966
0.461708942280291
1.43626264572519
2.09565813842622
0.672355010244749
-0.0349763214115361
1.37090230380714
2.1712633445447
2.2870610074567
1.23320477653439
0.812528805352533
0.800422970922716
2.40950061654788
1.28042927608815
0.216171569469489
-0.167981719001672
0.0757073815785114
1.57277842366281
0.351524414701256
-0.380681921961282
0.265391184332065
-0.260937899850161
1.21628769702137
1.73322078912695
-0.764084774137506
0.189364785265406
0.135377071402277
-0.646677104395024
0.219705425999843
0.804893451128867
0.798775077161725
0.225774698286436
-0.161083242754036
0.397998432037325
1.13404066666565
-0.185974319950158
-0.659817064494729
-0.585385058221292
-0.288358942937927
-1.69284845878235
-0.927632282139972
-1.29337625865531
0.00171671601593107
0.0292960797266518
-0.562362338038015
-0.625809353027949
-0.905936192069896
-0.330923357948818
0.313953251790009
-0.14921109100975
-1.04276084529608
-0.0509336376999243
1.08121594375742
0.568419221019085
-0.00751154432794239
0.851858895257315
0.963380413787418
0.769495610909051
0.973122835473143
0.953511892264765
0.537809680415493
0.359814531107942
1.36347860206804
0.622218171070519
0.785917666907408
-0.102317860015074
-0.317830168238795
-0.516373746541101
0.590789231203801
0.633647736819465
-0.768685750240908
-0.989193275345016
-0.150123596964603
0.0119853459276657
