-0.377056304526058
-0.468164952574128
0.0263463614064026
0.0791405383745972
-0.299566373585558
-0.834688314260155
0.239929172987634
0.191992290397613
-2.50606813889701
-0.776830356327904
-1.29095769835352
-2.99433777912313
-0.586797080099297
-0.401665739865358
-2.70857802916252
-0.790284574543396
0.461613597050478
-0.495533459115113
-0.204379345804646
-1.36277950793034
0.596901243471471
0.0923900450054057
0.534021371222214
-1.56609880805715
-0.0235485495683981
0.722594486934435
0.644320343671955
0.51004730976871
-1.14771230922844
3.23481810260857e-05
-0.0184849175527764
-0.660928347547788
-0.142153780998763
0.274871879475821
-1.72282335569543
0.467959003925263
0.381743514569318
0.24474764038353
-1.4571727648436
-1.5212547324918
-1.5339023369144
0.130231405651384
0.394920792079077
-1.93189438117015
0.180346845761089
-1.01278191156785
-0.656132448349204
0.0005710095030814
-1.68301863298595
0.00630067616960475
-0.47375382394365
-2.18215655669944
-1.33601951204578
-0.981146878777658
-0.277541196894438
0.44671931769033
-0.879392260050793
-0.866464412849389
0.64310965062384
-1.89378010514391
-0.524009396906169
-0.0492807183715044
0.200601333653406
0.033454821863711
0.103665851518753
-0.995641862012843
0.340251909411123
-1.81066427024914
1.08087420246021
1.13312130840055
0.523531010261878
1.3764791085103
1.06004004923419
1.44809188548712
0.635601529377857
0.508057782199373
1.12113452904326
0.392296347592278
1.27353386703593
0.572878015952202
1.55745308242788
1.03925370413062
0.424944672504369
0.907346515138205
1.54634082952966
2.006280868317
1.4689117346997
0.574487581683104
1.02781740603417
0.780949643529177
0.87411592614446
1.69650607642319
0.548910536288744
1.94733928816385
2.17962306774917
1.63222918862451
1.19436004752021
2.4030347261334
-0.298083117834561
-0.265020366936423
0.466242114737727
0.461420106556104
1.69892585555979
0.954405554351912
0.191986648573156
-0.813898415018986
1.92975454045312
0.789231074205733
1.74536824053302
-0.183852721667225
1.6992019295073
-0.00897400472681484
-1.20562683390394
0.248809047031182
-0.133683268312684
1.32694575251512
0.802547069325295
-0.827888582176847
0.245309796105189
1.69236342385132
-0.215718207772403
0.909372275852136
0.861096650609295
1.62753785026739
0.833737037883057
0.402119074484171
0.819781916734586
1.16913159845217
1.60849485900866
0.938596878250971
1.72488126408587
1.2690567892596
1.22926740459597
0.763379315350304
0.685813661661278
1.66765260279315
1.5423002255471
1.59910386848792
-0.333985693623816
-0.068316518682685
0.572104031212002
0.223084999256638
0.25276859784048
0.380776659657228
0.870202774394393
-0.00163166574764964
-0.351226548679199
0.599384649785483
0.20673382657062
0.671212038190879
-0.984198827356123
0.246219387222386
-0.1228766808847
0.517595131145178
0.134881342407068
0.389547244965825
0.132047466397587
-0.121201009279901
0.519331867336957
0.0716120714740851
0.149907235603249
-0.846725125335982
-1.04937537739394
-0.52945096381345
-1.59579121768141
0.713083696673241
-0.19768166089118
-1.91857068707593
0.0642813959232229
0.673465604715734
-0.129393377913644
0.522819012307041
-0.0416876868609636
0.30835558783118
0.417662739395699
0.133245746946037
-0.147521638963853
0.591293645318433
-0.637571189511541
-0.329489794053633
1.54527616492805
0.486378924236151
0.954788580456402
0.984975096235698
0.282655895564125
0.627835571375717
0.964016950174087
0.98336297620566
0.432262475569587
-0.317822179301012
-0.0241094829486645
-0.141954651989753
-0.553595762054527
-0.0891930515602706
0.226104673384018
0.560945969214593
0.59904025508441
0.669305099048524
0.0023306672402332
0.0899055694293386
0.652808477377583
0.674508444942605
1.55066828889742
0.926759348526376
0.821638115983095
1.65929908842425
-0.471606744118166
0.699988641199506
-0.758752566724935
0.0935412487474635
0.221696425416761
-0.790824044179916
-0.840761313566858
1.15900910538802
0.063025202397653
0.300819352372812
0.103903616836236
1.05253076706405
1.15007764067842
1.35127781874405
0.764838506178518
0.710726172747408
0.932160017292973
-0.146049646628697
0.126110245006129
-0.281612676484715
0.562579382464088
0.321893018680989
0.185800584358211
0.897020357307256
0.648639792983263
-2.09050343714254
-1.71361456426497
-1.18656518910055
-1.86823737654621
-0.014813939837384
-2.55479836454838
-2.73849852795831
-3.19641679354153
-2.89050125401141
-2.69591829120598
-0.818930153491904
-1.31781484082716
-1.06638463697838
-2.17436334746785
-1.07296144591922
-1.84697629078648
-1.64406225950969
-2.37012560275015
-0.810506171404486
-2.48190482721489
-1.86019357295411
-1.384887226383
-1.65102442649978
-0.482428579856647
-0.790434658491883
-2.71559233024457
0.815435184841761
0.965456133834383
0.795604073485627
0.609483589420934
0.547992690423748
0.241222636163458
0.257869558578092
-0.536078317437305
-0.152306882766607
0.180803704565853
0.11168261111808
0.306139534436577
-0.194811425519037
-0.302175917817718
-0.881924514291966
-0.0539594049044404
-0.030836033511018
-0.873623707204474
0.309057852608494
-2.45577470283243
-1.82454775465983
0.830375254147188
-1.49661651632286
-0.942518922771843
-1.39080591674592
-0.639372452277835
0.603738912092174
-0.0416445830064331
-1.07059485152738
-1.25931753681573
0.0314376496572266
-1.41395338774893
-1.05224092462352
0.771949235434446
-0.225446091720687
0.435530468699792
0.368124801763634
0.850506665908289
1.02833235128095
0.370511151390859
0.794094580908041
0.844686814278112
0.709525632673503
1.07778767428263
0.734433576939079
0.631339229619082
0.718547800735608
0.637033924454651
-2.42153945261209
-2.53613397350012
-0.0696100209635947
0.410092697454768
-0.159416476004365
-0.142908537414822
-0.457836543401838
-0.339335075427077
-0.10232889080666
-0.377661857771646
-0.780737211845297
0.23944282254354
0.0408400695532337
-0.805514000144232
0.510510403901485
-0.244431265615652
0.26916574879062
0.475135990992307
0.903471712931765
0.507817458372859
0.864514286258046
-0.949170979763269
-0.574955720628471
0.432128061953845
0.131729243383271
-0.618768075027022
0.314319185054732
0.543599283612143
0.561529259271372
0.0429795972206657
0.558785801145509
0.310710643754688
-0.499698756356801
0.572328563314113
0.504111656172426
0.260988385317433
-0.219677293717836
0.202380588284117
0.168953104676457
0.227111661777932
0.0906046896972918
0.225380926175936
-0.0863165991838001
0.437907021689756
0.982605902724121
-1.7132434777827
0.611314778726096
-0.00905024703977609
-1.3269661871774
0.768459246890848
0.82608647165856
0.325779005073441
0.207854720490473
-0.203961062514475
0.568381096899741
0.922103177581668
0.178131873388141
-0.540215531926469
-0.315004669236371
0.117724689660984
-1.4156512034773
-1.4184193459018
-1.3345972385371
-0.613256898868176
0.239796474882532
-0.421986256568837
0.433881615523165
-0.591585582533731
0.620230067593297
-0.907187120617979
-0.977420618716958
-1.55954770782874
-0.992850852433069
-0.0546083524055435
0.462841786599988
-0.4259744734305
0.508913389096175
0.794093970580215
-2.36993313412894
0.708912141884683
0.818587492363887
0.493766712264942
0.600052292622361
0.478089326479245
0.490170596080951
0.482062907441001
0.0941649490515014
-0.808465078079714
-0.180268173023499
0.511062891398126
0.792954572783059
-0.334679339364612
-0.680104452691491
0.158125666250944
0.307479942912232
