-0.775689415861309
0.753636421698873
-0.127644803617766
-0.116643551997542
0.0680575375754574
-0.333421660682591
-1.57178623739795
0.426724588048628
-1.59161923308534
-1.11944649449952
-0.0819694811925882
-2.11649503942264
-2.0858112444557
-0.283102755333736
-1.95376382774151
-0.119003478537598
0.903042205591625
1.22469238931852
-0.641516782275068
-1.35513491916302
2.14024791369448
0.879978219106675
0.607216116780929
-1.27892104290403
0.58707522605983
0.738856487676448
0.0310718091409532
0.0173274150533586
-1.84895333522391
-0.234402760428673
-0.554358988201952
0.280983727492695
0.609221509977302
0.0384415334127991
-0.883416932229273
0.162467815281995
-0.107910207889877
-0.319946086682426
-1.02025666923169
-0.642423161907117
-2.67621671196948
0.0938367745523836
0.51891729313572
-2.84622923166006
-0.003715398892421
-0.528336124050703
0.206327359304546
0.770989710078277
-1.08546371464444
0.615733215813524
-0.471886380258333
-3.17368090796818
-1.25570447309865
-1.10166338042868
0.580444961088715
-0.254130679250349
-1.11822275286501
-0.711382265613526
-0.487166687600449
-1.89537203254154
-0.583679012716549
0.57935075579282
1.35479793459117
0.599097671101396
1.51030986722983
-0.275793802255233
1.24603475505182
-0.554535249571499
0.200649352826356
1.05784975240318
1.15326681047254
0.96368253557179
-0.119005299361535
-0.359699200512962
-0.929585958210492
-0.477210660127729
-0.497526137861404
-0.839593539548331
-0.0542077586046814
-1.29873184309581
-0.818533818984768
-0.736834658105607
-1.31069876336403
-0.569724976500739
-0.614843122536363
-0.0842993113698717
-1.13932784682431
-0.311166225696907
-1.09412811168449
-1.31579698467568
-0.593169050630522
-1.4521898517604
-1.41828667041452
-1.41359282918456
-0.64091568890651
-1.3547361437529
-0.926873321016461
-1.40445294272947
0.824487133281595
-0.359090818725151
1.54662662801181
0.19894143665393
0.383191929729583
0.237761492397387
0.510356978275015
-1.38142507499716
1.91467775903088
0.732050969629198
0.594582006873128
-0.642292452875559
1.72328410512088
-1.05683033675686
-2.96701831129025
-1.00809035492943
-0.0372249272633046
-0.847758731042199
-0.134142402226996
-0.756221482935088
-2.27605606523971
-0.660049356534759
-1.72572819096244
0.152397118019272
-1.02779169653773
-0.839937138902991
-1.45374676152731
-0.799622149720275
-0.903005898169008
-0.716673830722616
-0.328583709555812
-1.10187290490557
-1.2444446663109
-1.13059660501423
-0.881113338421212
-0.303920292407831
-1.08843525863499
-1.31315050133831
-1.10971795428637
-1.29394919873516
0.438274795480877
0.918041708714574
1.69631742023399
0.561290720833215
-1.05943934736771
0.0273623982068818
-0.900835833588028
-0.230547356423684
-0.145050138930681
-0.626187540949896
-0.846234892334129
-0.406268888569981
-1.49972613271578
-0.775330760140311
-0.775840775914761
-0.406315321761791
-0.959867191198001
-0.414026113158944
-0.182197712191523
-0.375995835961814
-0.0581103480368559
0.836484876120141
0.222036317775398
-0.0612252620499925
-1.0514275428137
0.578213990388215
-1.5921666507868
-0.471030267016278
0.262083770177847
-1.73264100709717
-0.0697986323284558
-0.0525316688251825
-0.847491661538107
0.026998008023129
-0.591582837791711
-0.9775802484458
-0.291039824959951
-0.27453191010958
-0.80238040681285
-0.0864719448104601
-0.691613709960543
-0.987958319975107
-0.167050800294461
-0.761609787656384
-0.250916941166167
0.121144273740135
0.759030170174779
0.366286211506809
0.380703983550286
0.337100518911635
1.21570357712906
0.690066032519091
4.16414666496322
0.999990471025314
3.35601804135899
0.609168030260599
2.66765519378834
0.909244642558339
1.15553240949805
0.941461234674287
0.407942592753168
0.0400501458658597
-0.254758731408951
0.191174967645002
0.140438330721102
0.486028568352755
0.71492399800368
0.423815049328904
0.240407489694901
-0.386498244144655
-0.490863281270719
0.683948242223809
0.306878862700413
-1.87482635852863
-1.97893001541151
0.370973312223885
0.804520747937464
1.24781770371031
0.893442979130386
1.30755575895299
0.827894260272818
1.00243010214799
1.0868861742255
0.0776379376040796
0.615733835722898
0.44059972179257
0.888352016921757
-0.196406175222531
0.00722538495626429
0.285515901667509
-0.674490324489452
-0.260264308963311
0.51517578020876
-0.27621157487358
0.763982728789006
0.538567586037042
-0.60916909721429
1.20084938269269
1.10129869094073
1.98572498983686
0.909693382794461
0.651400270411103
1.00240623600676
1.63786841160618
0.769989610089174
-2.30671714809997
1.46060958336136
1.14640176376455
0.23497042120689
-0.700060831134225
0.949193656155991
1.39396144762855
1.48003267479948
-0.992321211930344
0.84800961160182
0.00297000913120502
2.19586081492094
0.336437243410956
-0.502444971710464
0.0738916438255308
0.33430444831701
0.224245724341565
0.0255651431687964
0.477783531220642
0.463535468171274
1.73436176811423
0.457488301964079
0.676911529192539
0.717854719795988
0.163809583435013
0.315560394339261
0.211246646817512
-0.415246954128801
-0.95108929822191
0.486259150492469
2.08457284705031
-1.41900691133752
0.098980133465182
-2.71735882242455
-2.64250594440191
0.66291778033617
-1.68899101443234
-0.685298897307644
-0.728511759628422
-1.52802013387859
0.752747197536041
-0.170987750369842
-0.697885731260875
-0.590381280525568
1.54318593819503
0.610701079213864
-0.447322196255139
1.00898489273203
-0.00850164848138005
0.467260058411268
0.25366601945468
0.190451541339111
0.229226249557422
-0.36694929955271
0.427684943185454
0.8162258179415
-0.0593996828325604
0.147506097942868
0.246700009395676
-0.22170936238893
-0.156641586295008
0.399179345720353
-2.15158431833863
-0.804773847057575
0.385058978158951
0.24351047595489
1.39933956415817
1.82793213084008
1.33669063037654
0.79088248787659
1.31268986543562
0.61392379182104
-0.163431030863765
0.798133385345255
1.2974602505444
-0.127497985409875
0.927665983809392
0.617242470936822
0.316548228855468
0.198771102199709
1.07772092913966
0.701589315256166
0.342878330858241
1.03382662798267
1.22966685835278
0.169721831374468
0.459781764933818
1.491373781383
0.369118034501377
0.920227998709441
0.242811741022006
0.124713506086734
1.58155562020112
1.08154497182321
-0.744280441530312
0.676875940757914
0.576390799764244
0.502284094480141
-0.0361912488228549
0.453679426876362
0.185824839876792
0.177430238463034
-0.234515319823056
0.243093549633598
-0.655451161289635
0.683478878952562
0.0843431206695682
-0.590460344581391
1.66731468479676
0.559843378524178
-1.11934408004277
0.902167731335859
1.21422742129365
0.169524689754304
0.322506439088904
-1.3098712823843
0.399264846383309
0.516464220457336
-0.0936388488472336
-0.107090988313907
0.0383499146882698
-0.275068294565189
-1.64126142647284
0.0947175964268315
-0.715421218989384
1.53956968323994
0.943444224682491
0.703064061491035
0.722744306414275
0.0511870501998476
0.312429781742121
0.301018254377729
0.347569943737111
-1.32168026912203
-0.821152672070912
0.834869907421382
0.83258615671133
-0.223826434615568
0.805179954937554
1.00428234388387
-0.90455502216543
1.08527142382526
0.774318682406642
0.505114834093748
0.0801625186910294
0.731052408718148
0.207624805568522
0.659399390154673
0.678823587039693
-2.0889806196214
-0.441540135948366
1.4731062986055
0.631746144365107
1.03149777041746
2.04900291907489
0.010113834981628
0.770057369337445
