-0.0946824497487957
-0.112939011253272
0.366740818400443
0.840959493727267
0.789258136582183
0.120833038670528
0.675105228982238
0.327481296662092
0.0279023350007695
0.868950301737678
0.36113744426576
-0.0983422439197233
0.62473372150605
0.336530629917141
-0.0735954498493075
0.54037824539164
0.450971918059432
0.335761579615126
0.234258756386107
0.286609411582979
0.650089977154504
0.649399312415223
0.521823886608774
0.596446005858424
0.912855283318924
0.694060127694002
1.00891397425978
0.539937038479362
1.01204143113068
0.671967687417375
0.291028953885301
0.097590714670749
0.23994149994171
0.341942193110496
0.295190419888801
1.06518480974962
0.725932921336742
0.799197289568089
0.0521368596812939
0.170023365633938
0.453028166117683
0.858732931507303
1.0413724522511
0.0568481097923247
0.729220609936704
0.0926015429696752
0.395592408179219
0.632596434367261
0.428854547295849
0.779535904064589
1.09172337297536
0.300309241923793
0.64342041712013
0.830838969904036
0.974752819900342
0.964550549179424
0.952090854056016
0.627186498479612
0.911922461218307
0.914945573607541
0.350329312839313
-0.39700372292335
-0.502006289140906
-0.136560428948735
0.179185754775647
-0.240778365970734
-0.215664033084889
-0.212558828626273
-0.0559143421635935
0.120460007351576
-0.167657227702702
-0.0575317071898826
0.252481075526013
0.230222344303846
0.407009779955571
-0.0847564921610701
-0.202237121478216
-0.0196521066781505
-0.378893988465582
-0.00642709482656199
-0.101368211621648
-0.114737777349786
0.00929830680607693
-0.535287506149019
-0.256259154806366
-0.210732655324957
-0.267036121391466
-0.249666779202266
-0.209625529105853
-0.351017052430839
-0.184354358422833
-0.18490320128289
-0.247392436141108
-0.206059701947793
-0.106467534018654
-0.413090199362758
-0.2639713767786
-0.068982764069221
-0.0616301064739334
-0.269939714939806
-0.203828807513528
-0.0580263739747471
0.315958620632137
-0.15178955352351
-0.187420466561042
-0.154090027254074
0.23418183428714
-0.00301189973978017
0.249986109415341
0.292530882596725
0.215688210085538
0.215497471351669
0.533325184772454
0.475487029806528
0.317550733951495
0.31505791965755
0.259494705731016
0.0722188167636834
0.204409221317793
0.216622691720729
0.121191940750402
-0.20784691865184
0.303697803841659
0.0570350453058804
-0.0463072519889197
-0.010858907367363
0.0282357362483351
-0.0593888397391757
-0.132691159646169
-0.0373581618714582
-0.147762227490669
-0.239423051705361
-0.141226529386288
0.00143900080614247
0.0222766710031507
0.157512490215247
-0.174046706310826
-0.0626728966287922
-0.192261021102489
-0.176528859712505
-0.192052399871706
-0.00385667926733257
0.720952769157351
-0.0474193892155418
0.19378948060916
-0.0357881344536028
0.128698756713714
0.0152786840831439
-0.119104112775382
-0.111397112466748
0.0437316899815827
0.0476488211091238
-0.18433732572204
-0.0318060893060524
-0.0176533634643281
-0.423573497777964
-0.354203225136061
-0.0985052794746949
-0.208403300200003
-0.0648589158538719
-0.270612571466457
-0.0838962563722757
-0.0390468747767447
0.0492939729490574
0.0324502849990461
0.421006557678782
0.292068418670737
0.433432156245171
0.0174763179603474
0.222992732796125
0.0524116216885941
0.0305832912805306
0.310852345359676
0.136153439745509
0.0466223746848937
0.150469613112925
0.272454636465188
0.00924734637740635
0.342983137089497
0.09070928933976
0.0320889170177922
-0.0160267943510172
-0.117094576379517
0.116996313335133
-0.171487120359401
-0.135635195774831
0.114453973559495
0.0643439107231712
-0.183973079490538
0.234703442739497
-0.441884597891295
-0.0842699273203397
-0.256539236055605
0.0553010425586104
0.180199231506159
-0.0826777827963998
-0.129504861003204
0.0604236183095296
-0.622595433716956
-0.659819316447753
-0.686886446277122
-0.434311526173053
-0.344117804128206
-0.443011664488881
-0.483694705488269
0.100127147974123
-0.0393173073805246
0.286373696309877
0.143696989229194
0.161768635505023
0.171608418133996
0.338087044715665
0.267443462734288
0.0862650563731934
0.133143412527058
0.245874908193027
-0.00388370566996384
0.210598541100934
0.302594305451819
0.450999974470567
0.252698262849036
0.300021578656451
-0.400445067475829
-0.485344575701533
-0.312356681565493
-0.0609278340473345
0.0649922505418642
-0.0413649031803512
-0.0195117588156016
0.164499578069524
0.189972169475742
0.924235140964012
-0.443692384576425
0.389659955786686
0.881539798440414
-0.125175839262758
0.0723840023798357
0.054160080670917
0.142026008127961
0.816322099525542
0.505927316902574
-0.435162400882391
-0.125743131435263
0.989824232464925
0.875413669137686
-0.166880849146112
0.589354277448352
0.218228705369768
0.721904573185837
0.108040037843187
0.0119996619833814
0.532019168598185
-0.155270836581659
0.893543200243195
0.132977087995334
0.82639177535747
0.653920432565033
-0.0587217458746646
-0.137392641948768
-0.346242909060328
-0.36214432996945
-0.297162661350672
-0.115373288599442
-0.341180375465703
0.0088304962583152
-0.492337130669124
-0.358982064786965
-0.663756203964104
-0.718627176401743
-0.351945678085462
-0.52475321036752
-0.349081450126666
-0.65859740338538
-4.74765109240091e-05
0.0283977495165759
-0.391446514501236
-0.674729655603909
-0.257591520828902
-0.759865616953239
-0.248128189269083
0.129742185066601
-0.0579743979289711
0.229986581423059
-0.0358155727938017
-0.207190765636745
0.208088668136277
-0.168765126163968
0.120411990775166
-0.0802265000595714
-0.239859949853115
-0.770704354857827
-0.129511020758077
-0.287651531606401
-0.279421178053799
-0.234001932952621
-0.451580879655982
-0.413112783368203
-0.326244300640419
-0.258397473007148
-0.603871635619147
-0.388919887982108
-0.544030232867735
-0.308714282008492
0.478139359268718
-0.257433135654044
-0.134631385531335
-0.675374073306761
-0.725852081854161
-0.611939908761284
-0.0860704265785577
0.0341410392522804
-0.0681988588170901
-0.285771247589031
-0.421883719647765
-0.217159119532356
-0.101089481573302
-0.208391289394459
-0.191775975203169
0.0971339803755082
-0.208121000174218
-0.094670952283694
-0.0893408133809191
-0.138272030134833
-0.275656935233751
-0.381270831395386
-0.416917790070078
-0.455048908114902
-0.196344927870415
-0.0913596208970493
0.587576422589416
-0.206512728077174
-0.602398831721526
-0.255365508755044
-0.512502345457164
-0.387585405441115
-0.315054702350248
-0.485153608897604
-0.711637561835666
-0.976885513223658
-0.525854487230988
-0.740726840749134
-0.669238250342032
-0.920295466075258
-0.168317368918439
-0.490364859691476
-0.759436427156575
-0.659010675588463
-0.481911236612169
-0.197869161801726
-0.0360074768099433
0.259846499725052
0.44257790436467
-0.00812775982513515
-0.270021355181514
0.310016266774333
-0.0379566525641848
-0.38324881329507
-0.594103207076577
-0.675991057079997
-0.228705252416211
-0.667992654536015
0.0318892654198997
-0.0775447483022582
-0.259991652493937
-0.166902336004851
-0.236269667310692
0.0611834239708535
-0.004545753177145
-0.197868819095477
-0.15359234243688
-0.297616513042255
0.231948962657852
-0.286331395142413
0.0311980558667491
-0.38244143372525
-0.396335567070853
-0.0102770733656635
-0.030199189396533
0.32993933996597
-0.422009941894668
-0.249438678317405
-0.747632632590158
-0.614097925068646
-0.221102493484592
-0.565023232564976
-0.501416495265988
-0.655389185039375
-0.602140312229098
-0.390309601461504
-0.554873717368589
-0.203099847465198
0.576642178571387
0.432457291211713
0.778127888546863
0.0628898313673811
0.139649149155157
-0.491727241555705
-0.660830750626148
-0.073952942917538
-0.313797174120238
