-0.263865134398735
-0.23229699712078
-0.158371198211934
-0.460363404670131
-0.200655369746258
0.440213660222884
0.133423238877443
-0.0947339608625016
0.385436395128386
-0.423185015983863
-0.0138361329746687
0.382702634801882
0.0266658425352737
0.0524364198985699
0.441438858536962
-0.0617556284502533
-0.238906128480694
0.0250918624700736
0.371230538930309
0.447786481933101
-0.253332751834575
-0.15163458347621
-0.0836978796289614
0.188793078295895
-0.0675552720991711
0.263374892592271
0.0275387308444108
-0.144872411953098
-0.0672789621558425
0.102868122945799
-0.00158427426728533
-0.138376806756741
-0.0737921524419769
-0.0379588529728465
0.438087518705753
-0.403351413349684
-0.0673301064496783
-0.0874729944815567
0.565784829134148
0.207938136852231
0.657640386406394
-0.254278686459572
-0.380841385928867
0.473808206424006
-0.148349100034942
0.255504305348414
0.0430627192096954
0.180779467444353
0.366951654305213
-0.227906084100346
-0.300362622421442
0.344166296903404
0.0877980474361034
0.22563102827875
0.11280435723003
-0.0367654688092655
0.169665411712609
0.0234618365342997
0.0502779353321419
0.00363581268105482
0.104282768428537
-0.65057795939256
-0.554401802287423
-0.663533033798018
-0.800380501397334
-0.596287755674162
-0.773736022047565
-0.673559646164233
-0.614673690953053
-0.777012852364537
-0.813125855931707
-0.752036022216104
-0.624876329890154
-0.507030605220427
-0.409043801219854
-0.610483818300431
-0.57464625573186
-0.484012444096231
-0.210421055850566
-0.530033209401416
-0.398737220536077
-0.346698657282524
-0.357705130978919
-0.0252914416795174
-0.228224566733017
-0.527757136909989
-0.27401188477173
-0.303188302138316
-0.300275448228632
-0.270219549380063
-0.57288003409656
-0.356556076440955
0.177243306480239
-0.0149913465571123
-0.521952017600763
-0.242281197195735
-0.107081726086752
0.0327945929590826
-0.308952491300162
0.234391056136395
-0.20490825161242
-0.410150154020393
-0.526305867883098
-0.375658829530494
-0.176338389751593
-0.154706106060748
-0.377594939220418
-0.414012944818406
-0.353848652929747
-0.363186565578345
-0.388346205792078
-0.179722901519405
-0.567927747160792
-0.164381720065674
-0.464683522310085
-0.256425286697991
-0.300500924792801
-0.397387724585099
-0.185666077421103
-0.246796789320391
-0.229301414169195
-0.455923982098285
-0.0888589474204648
0.00759837439657902
-0.120079131360849
-0.177033968608085
-0.097581739696075
-0.260327328014001
-0.184241014272542
-0.0609244263211239
-0.10683001993454
-0.154127159400704
-0.0612100943993064
-0.328554195342736
0.0117323622559519
-0.190826464474073
-0.186522186271993
-0.0286042658413306
-0.136110553608671
-0.100269899965657
-0.604477942081948
-0.0662905720017193
-0.180008862351535
-0.813538236976608
-0.0894361775343901
-0.612262264113569
-0.475855139388599
-0.355984138301781
-0.528755962602556
-0.394147528173208
0.100110702641577
-0.139882089940832
0.325297428635203
-0.089328371549821
0.0455187472798339
-0.56534352235444
-0.553509919758559
-0.672366562874371
-0.529310482124958
-1.00157301742327
-0.861301506008402
0.213825536352048
-0.250139971033229
0.0958569065709831
0.320488873997514
0.120486738312433
-0.584465411783866
0.138378804695672
-0.491507878179256
-0.476359606370754
0.0850640616856718
-0.48959738276885
0.0596796999373845
-0.432717971465665
-0.249253448250814
0.379116646163095
-0.0685734630618352
0.0785016772177397
-0.0326101796116649
-0.0785481184252137
-0.407657716083344
-0.473799384398905
-0.282071376481099
-0.816100717154703
-0.949304717880851
-0.774878596482127
-1.07867857552648
-1.04051546297085
-0.555247853257683
-0.198405234250986
-0.981871166718737
-0.767510073408378
-0.86699889093056
-0.923161634479808
-0.896759681453314
-1.05808868195318
-1.04485709253149
-1.26227643448936
0.184749524012249
0.147770046429497
-0.246304079740996
-0.0432020864016404
-0.507483807329629
-0.0492066280575027
0.385540367235645
-0.458532152791228
-0.270503410698026
-0.297417672433868
-0.313620329263633
-0.610621156332632
-0.590723894831802
-0.759712970443633
-0.667837772807203
-0.675264741497623
-0.141855315061395
-0.662148210813679
-0.565269699554144
-0.748775725437942
-0.941625011762741
-0.836510068001483
-0.751040548567648
-0.873514114826135
0.0831353536192625
-0.192164257859741
-0.437439922862528
-0.297843675509598
-0.702377779021517
-0.223978674156067
-0.440372475802411
-0.703189902785164
-0.337834792498283
0.285208570985658
0.445976696873587
1.67241679107667
0.849745265433698
0.857167430691227
-0.41532678986715
-0.15800188264764
-0.400046945469327
-0.0443227607695591
-0.401103810228861
0.283338679720436
0.050107323327899
0.323434245934874
0.212872725832245
0.171457126635832
1.34518606664546
0.716139828781321
0.441191359224989
0.724790377380903
-0.356201003281986
-0.200684667398557
0.248432104461516
-0.277238109293137
0.0602700287047348
0.0742684242866911
0.0680986903196229
0.0671818808589442
-0.864931195954045
-0.366534486864955
-0.0186203363821859
-0.427585032815382
-0.758321932680575
0.0528911909893526
0.661432332221239
0.0574664613545393
-0.472357674415149
0.022437994493108
0.916013158115625
-0.546233077507856
-0.316132448717383
-0.618930406002662
0.189855838013677
-0.199169423361985
0.637448232076278
0.891016959729189
0.20758555597951
0.838092749696807
-0.193617182128417
0.167218054514686
-0.529303891482826
0.387729281681675
-0.720435998936367
-0.311688430158447
0.0892932791922425
0.378335755691938
0.205023903325026
-0.269310626537937
0.329199515597125
-0.18953764138766
0.840407430808089
-0.497387550321729
-0.262713444338064
-0.264358584144858
-0.532198117329534
0.452196468474412
-0.226045623377004
-0.464497622370694
0.0829045961939075
0.0801331127961411
-0.19543720926517
0.186107300500548
-0.18233532953375
0.500258214778155
1.15741046683039
0.669782566146581
0.0504591955477565
0.570713919605536
-0.405268243444752
0.264630247347202
0.570279054663594
0.242230565907762
0.511908413652301
-0.393314007219707
0.107015957294936
0.0990618518741909
-0.0449385929519297
-0.369312526141127
-0.478252076185246
-0.512034367351087
0.270035647812485
0.364770166678471
0.687850889784336
0.0989420825654873
0.703251892862078
0.266558591757323
0.214986183125468
0.319451458149095
1.82314893689863
2.0128580383183
-0.217265612673201
0.960663996345962
-0.524253790432774
1.38526301804028
1.58317450918663
-0.803658451542629
1.30759393082941
0.752271410180563
0.80037065865721
0.917013152354686
0.781844546434591
0.71305809564328
0.317168468421103
0.371994812686206
0.559695498984413
-0.0503408602694901
0.0176073703007037
0.191247696836613
0.127892452828616
-0.29341818016332
0.836069056841158
0.731219210269196
1.31524940867655
1.32671454753159
1.02472484116477
1.58123342550197
1.61386332382561
0.95465712579685
0.936581547885704
1.33802741577411
1.30498852796055
-0.0140344582179304
0.605493839116292
0.617279103726098
-0.0284618405593342
0.658884704263044
0.421345717205552
0.653851488544193
0.148799111580373
0.552505765142093
0.572996614754047
0.0913333897538361
0.128349634869779
-0.0284617684841114
0.30912477684554
0.328524721948375
-0.148063787455942
-0.569276367126656
2.15739224582315
1.28068573499127
1.73458779947137
1.24992690095595
1.10619762391911
0.599599884373715
0.803043993540811
0.705156299894957
0.269113465114176
0.602957859073069
0.485589917961856
0.570617097045519
0.112704070366614
0.494572409305588
0.826132240142017
0.512948350200765
1.35377394915267
1.41614187758589
1.1107450819938
0.711701547250742
1.47039025516281
0.98403318830124
