-0.0668512681023015
-0.209027687638083
0.0626464015753925
-0.399924447226345
-0.143259984483763
0.121282963313968
-0.440637257213075
0.195014566099023
0.203075982715326
-0.371645807981824
-0.0736380409102894
0.428310998826293
-0.411805206431755
0.127219522173991
0.22866750244705
-0.399087046867471
0.010293651488164
-0.0758243944792179
0.305870422470904
-0.42467860374493
-0.318528690541138
-0.470414002136474
0.0751552572787991
0.0202456244100671
-0.303488322436267
-0.459754780750472
-0.0370094262873574
0.0263061845075674
-0.135038382316872
-0.307686953295614
0.101771017634863
-0.197211982842182
-0.200150999648823
-0.00174287538515829
0.191626170487677
-0.301071749739514
-0.0340303868330638
-0.304778500044224
0.221868750929158
0.158976416214692
0.230566928570756
-0.282262855166941
-0.360328659580985
0.44766121963903
-0.419005369386655
0.0389295129604434
-0.0169176596994045
-0.469829862526685
0.396354462442294
-0.347277831488284
-0.524158972028709
0.391916639575135
0.0696948968650192
-0.10166485953758
-0.499426138999212
-0.349527331407798
-0.0166505278581472
0.108720836233642
-0.362577733210894
-0.163928717609056
0.10873917443564
-0.346719684574769
-0.221527342908011
-0.397550769218922
-0.289932437963064
-0.436526331957253
-0.143096435336654
-0.300582541080542
-0.333746300619274
-0.210306922448104
-0.328631112699438
-0.267456169345765
-0.0870496414210759
-0.152533386058189
-0.100139988280755
-0.107380704808813
0.0853924758110503
-0.115461805472434
-0.312965462360752
-0.029151340393268
-0.131179768944656
-0.162141746704922
-0.0823512211436705
-0.260842901754901
-0.429075645437253
-0.326788412050279
-0.15352561308584
-0.130481764193155
-0.290184976953602
-0.219225713220028
-0.11520934650894
-0.181476396201675
-0.147301130555797
-0.182759293189996
-0.0733378155159661
-0.192983604661341
-0.214344600442865
-0.0634378993481916
-0.289099760779564
-0.0712148179341995
-0.393740818485836
-0.595530278973393
-0.455654592464971
-0.474802707357312
-0.235280695812718
-0.0680254045474639
-0.439915626032548
-0.510049613950694
-0.391685395108247
-0.366394270008974
-0.503003625524271
-0.396313562660437
-0.247686935880688
-0.238632588536434
-0.324261300535118
-0.182098397965391
-0.2432396233166
-0.312940770281316
-0.231737620135797
-0.281717891323971
-0.227850837779651
-0.343458706487026
-0.324708725750849
-0.307645562541693
-0.332415593847546
-0.256858177053675
-0.351428277914094
-0.359216730272358
-0.0949173906788939
-0.283984340844816
-0.394503653685306
-0.358477270953646
-0.236343597957837
-0.24496774881197
-0.247756796699101
-0.263136648499015
-0.251623652290389
-0.227787025090575
0.102558739210044
0.254576858814726
0.336164331163403
0.0482944916135675
0.161834640821585
0.0642504512567903
0.238633882229756
0.00870006258077058
0.381917398124022
0.320186707621039
0.0115247176522284
0.248580337668045
0.121637401189019
0.175443841864349
0.000412285304575159
-0.0838501002348753
-0.201555785081451
0.311544724087447
0.236276717687668
0.160820675476044
0.104144832701807
0.293308012313089
0.413673528673061
0.229953938687849
0.248103304693223
-0.0831644889351063
0.0680726466863856
0.270065491303496
-0.132877557671811
0.0376563843908233
0.155338939890423
-0.0336684354147534
0.351334051269457
0.358185834860169
0.24797129859558
-0.127500667682062
0.241165088009321
0.176060021325268
0.118791203243065
-0.0843628810713503
0.0714298493747074
-0.178179068160652
0.0973838233098665
0.204307320916481
-0.0383286047632368
0.267458708742271
-0.217543895402841
0.0876689466593706
-0.0723915668262325
0.0404195567646395
0.199237486822629
-0.294992270042473
-0.0592550909594928
0.266172003774877
-0.110555867667138
0.113518218753634
-0.167482624161066
-0.00494773839320812
-0.312389224825671
0.145549262465308
0.45408384310705
0.0656914827038467
-0.203962602701025
-0.170672443113434
-0.110833750255614
-0.10900649555526
-0.0494565548957865
-0.0690377631867336
0.170446618582575
0.00360531468243904
-0.0435693265547147
-0.33041751980392
-0.358598253653094
-0.15127740190424
0.119141797712278
0.193029768952058
-0.222802982969918
-0.266269864795337
-0.498599455887062
-0.498977364636027
0.171123354597245
-0.175822153497085
-0.289917447813354
0.155045259343802
0.606393878441934
0.191326990183611
-0.185456490629954
-0.185635355903138
0.0249408007996297
-0.24234694198138
-0.404168673434728
-0.276878169646889
0.0178933082592958
-0.166593921741665
0.15295172017878
-0.313224866406137
-0.353157475294935
0.0524201154778002
-0.0788024983966236
-0.248595602665772
-0.152427633710295
-0.077504838020648
-0.244441700280153
-0.235445660883355
-0.411892301370401
-0.251138460980186
-0.0640665044980317
-0.0681522730524103
-0.211788179483904
0.206712344477406
-0.243898172683829
-0.0228885318195506
-0.0672236407355623
-0.053868719301304
-0.129165540963595
-0.254030759570476
-0.398894066731727
-0.223456143838894
-0.287806760864767
0.198971140917559
0.341542375219753
0.383335602603579
0.375117185918922
0.424164491343672
0.252299212302388
0.407259438480412
0.34781776868331
0.770288268609363
0.621245059282531
0.926334088017229
0.678242508435919
0.636323167487298
0.53405910916172
0.62912809269122
0.446558312450875
0.182894859716983
-0.0245171543477369
0.0613762226950967
-0.0558666929964822
0.0672678026538693
0.353133580524599
0.33237171316095
0.306855934625284
0.306974937933163
0.226366474307456
0.430293188987114
0.511856536250463
0.00117743789110796
0.326309622718031
0.254973725115919
0.589389124329503
0.71505120803182
0.737531095135124
0.438642750531086
0.686422318334316
0.439731648878984
0.373951255978273
0.526728381458985
0.476891667369996
0.511466301894131
0.45994677737349
0.488073954042996
0.434185455740496
0.474643113170341
0.378732606348615
-0.180507241008262
0.081426708068349
0.0442050899370833
0.0490826484922057
0.388009871404797
0.614154389894228
0.0229881236539347
0.0727714061182827
0.185822572719663
-0.0669739392629341
-0.173982199277355
0.1816549140205
0.138699106682975
-0.0958224974046197
0.140560726930799
0.219444619595317
0.132807996650999
0.096858847230611
0.0265476124817941
0.0780216467668736
0.142565628180259
0.152418886054416
0.292160236921776
0.142936864155079
0.325358305371456
-0.351400471527184
-0.560620411116656
0.312124397663259
0.667203354949743
0.332481548738591
-0.152042853426182
-0.234185984137122
0.302403945963531
0.164879840974889
0.0918255003958788
0.115390747280461
0.254529472403067
0.383217829918324
0.301710355529433
0.528962575298958
0.0955831840600854
0.239416946444716
0.587923641007701
0.260478449356266
0.326828837880858
0.248169766006086
0.0461397902943007
-0.407614231176257
-0.419577730726066
-0.326164262666471
0.0294236239196292
-0.251879337673737
-0.258195172700207
-0.0489502514273501
0.0527316114396538
-0.00617301899611838
-0.0920979469615525
0.0357884144290196
0.0138139315616278
-0.117551058766084
0.0192444570702719
0.252458089842002
0.17735560505114
-0.145206339528257
-0.072076364245849
-0.0890107285645688
-0.115110512735584
0.14544937886394
-0.0927252517167582
0.238577493130954
0.0790154518308231
0.0855667703767287
0.340620139479252
0.34676988046585
0.218380690982633
-0.493732284929093
0.189707017485877
-0.0950554288141413
0.175861886536362
0.418253198605387
-0.0862080311539405
0.23971237314481
0.290648716421112
0.417087848636808
0.443149378276509
0.233090603570995
0.334497919786405
0.099693647351817
-0.405016900330806
-0.122056196707671
-0.3002846615391
-0.248635879974015
-0.252826718725938
0.122370813948617
-0.0979998443864847
0.0804969669818655
0.0787413031386975
