-0.18528076514986
0.0384836040826627
-0.287458682877155
0.00899076585417328
-0.135448558867077
-0.749643494957505
-0.19895104298624
-0.0209115172132958
-0.931148221881424
-0.0884727176808636
-0.586854336330984
-0.916120340830038
-0.612891565840693
-0.229788491577967
-1.12365484371384
-0.551456793394845
0.402647681973357
-0.806148779835234
-0.665318572467055
-0.69344417445413
-0.501477428233957
-0.418043127778274
-0.152767374106895
-0.441527715247909
-0.280380280038074
-0.520692015301849
-0.275337323661028
-0.155339775645402
-0.118119682929024
-0.393901198441492
-0.100691185768949
-0.293600814585664
-0.302892718644638
-0.243055548157065
-0.824579140303705
-0.228128850334763
-0.161865837139272
-0.29781832034256
-1.00981615237072
-0.247343727950836
-0.8484256479693
-0.15755241075101
-0.100109396260559
-0.872551353468613
-0.228134906229212
-0.993404273415034
0.0811353686213899
-0.339039594466368
-0.626970271009188
-0.569312333172218
-0.323535105102901
-0.513223931962273
-0.146545648972807
-0.428775123970885
-0.31743563967626
-0.336006772632761
-0.304858997662293
-0.278046592447438
-0.258948550208394
0.0304570241159441
-0.221543106169542
0.439680088647569
0.455986784916065
0.510994999849728
1.04137148917179
0.856081754013469
0.880679963738731
0.619807886120075
0.856987114958293
0.965001666873693
1.21082105893279
1.14071478304622
1.2667803769913
1.50191992984988
1.27203070043032
1.73124919904053
1.20962152028493
1.29270812662429
0.518919166352528
1.15166947241974
1.27255472296438
1.36365541639645
1.53692664904717
0.287321305014956
1.06164099976086
1.02991111854867
1.03439221432046
0.8431957045723
0.823766118349357
0.826250535569088
1.05692428303009
0.862455184202127
0.246221640322397
0.851819993757747
0.989873835695561
0.614693751950049
0.637905942861051
0.769751008541745
0.120739707629479
-0.157944566016765
0.168397232369888
0.245588755293246
0.99026908259764
0.511770653633684
0.282048846474928
0.179597749239804
1.01893539948364
0.691380733315463
0.715324085324443
0.576674406326919
0.857850071551954
0.640756640437776
1.24564021555735
1.08326996643216
1.18265967307204
1.00715106392529
1.20972608123035
0.833992910449069
1.0435915242327
0.795198294760377
1.12580025328632
1.26783036134153
1.10335459271315
0.867581940153858
0.737273285896681
0.677451113463866
0.900658245985819
1.34819315898249
0.859448391889493
0.705326334477963
0.461444447447435
0.493033657601214
0.522376061379229
0.598684468760392
0.550360291688278
1.04041215217706
0.754295613307351
0.636860919057983
-0.196013650029946
-0.316128021588275
0.391363673945415
0.080174109074211
-0.0455636395851124
1.2745010042305
0.107682689087668
1.49521017464528
0.678779068777696
0.373955239651304
1.37812135380812
0.467221457643977
-0.159915505911934
0.209988281955458
-0.473600715056716
0.255645211578934
0.25246634206835
0.556129166378346
0.802416632479136
0.998151437764329
0.497312217775113
1.16098064644506
0.824275546388466
-0.607955497323615
0.0828023229212017
-0.339081168050194
-0.450576339647086
-0.201036932961115
1.10858179569459
-0.218528465283835
0.663493248502754
1.19837981621465
-0.170187716671315
0.562721593976518
-0.030365165204039
1.20996472606727
0.302274348605105
-0.368022901420038
0.166080893351844
0.0960833571646709
0.207249733753519
0.432149733076944
0.335684059409498
0.756853648653913
0.657975587083637
0.862088695592781
1.00260731785717
0.430872971975725
1.55619580361909
0.697465535575104
0.377037180551551
-0.294079678575542
0.538261266391988
0.409342788878708
0.419708733248283
0.608077283899085
0.731996895856347
0.622986092967899
0.872629976948029
1.08963340030581
-0.462888227750965
-0.331028414578359
0.37163895307268
0.111368009277013
0.312424482357143
0.0791351858669766
-0.456859668170232
0.585116882763411
-0.0219974437005665
0.0840025531113892
0.0663345561081614
0.708077866618485
0.746466905907896
0.858566029604772
0.288160728503743
0.646955382173138
-0.510273438483658
0.0605087170257829
0.185354881450708
0.662850384066483
0.274125636798191
0.712164803076141
0.577296015522701
0.524398122321894
-0.430491624174098
-0.170361878912408
0.731273857192411
0.362346974641296
0.665797402853433
0.301474872067803
0.77003822286759
0.918835838780103
0.153601139215948
-0.159626038768755
-0.412170498488248
-0.915133794637768
-0.650406461770011
-0.832303187774161
0.0801823975913965
-0.377311606225461
-0.190077864413184
-0.0878550520624506
0.0123299513165606
-0.428622781132044
-0.404290505642605
-0.559205372493635
-0.626874689948123
-0.783384682331029
-0.658637591195865
-0.64472939336124
-0.38636910101704
-0.326520522510802
-0.391083386790257
-0.392361760204973
-0.847162054311017
-0.226218902475035
-0.561575197827618
-0.363866892850503
-0.642336812149968
-0.152997824859858
0.596048039446908
-0.0403401441242708
-0.113695135253551
0.124145405573504
1.04685644723106
-0.298898240841091
-0.668995642503027
-0.327914959822754
0.146895667639795
-0.294287000133498
-1.02562528359176
0.213259939474153
0.160705266047265
0.657426643336846
-0.365379988036943
-0.132405910739155
-0.716438035653979
-0.760080182007837
-0.104491856192358
-0.831018335657117
-0.268952237769056
-0.359782902590446
0.178859177833147
-0.421632752535684
0.755203004188655
0.0205882011932307
-0.245015490657451
-0.667940621775301
-0.53500043686664
-0.407499510912283
-0.44483507907384
-0.11534588480424
-0.862424058861693
0.000519730677816906
-0.18404497670467
-0.248449213098286
0.0881550885114096
-0.735663761322894
-0.128541328829674
0.164073859720428
-0.475229100192169
-0.547905296097192
-0.36352189164419
-0.384073844127822
0.217281086383384
-0.749159994335088
-0.964770902481416
-0.619697700980235
0.202821620450288
-1.01404511757616
-0.175873169341164
-0.321415908161989
-0.395730825820002
-0.591320117317855
-0.4460764272416
0.312155822689522
-0.184996681523526
-0.0970434707658286
0.248788486989364
0.513509026690309
0.350572451045366
0.468656179932433
-0.247299254408585
-0.506635928029835
-0.662975400507798
-0.30914106171531
-0.586526239891747
-0.504035605821207
-0.413077616269722
-0.35473641081407
-1.17155670860769
-1.2699274491545
-1.76908256467219e-05
-0.941866322918461
0.310707926779393
-1.35537455579085
-1.49096654974094
0.474281122766023
-1.03518215590089
-1.08676264160898
-0.876276094355778
-0.678537586361611
-0.804329860572629
-0.417878056565877
-0.286820798527445
-0.485125879993305
-0.255139863690041
-0.0329673055022259
0.0245844658696009
-0.11442362250723
-0.132698784874708
0.242329267879255
-0.988789493380801
-0.662496757038349
-1.10306765514263
-1.0833576867084
-1.15864702377286
-1.1420407225957
-1.10440520884308
-0.69401629435664
-0.911606264420637
-0.942156218567626
-0.966354590270731
-0.277648364659138
-0.793204599788512
-0.753084192235685
-0.426733387206682
-0.597434321897147
-0.938378433289989
-0.858220817552168
-0.53781172046941
-0.687998058840675
-0.873595388445372
-0.27217489789674
-0.463006846865302
-0.227697153397264
-0.956564559099889
-0.693806710835139
-0.587213363671356
-0.0959975864310743
-1.38223170423864
-0.905589425421176
-1.53836727209707
-1.24774399394451
-0.969392975768139
-0.507477590725099
-0.659937467425526
-0.704658427407843
-0.283105354416999
-0.690332459647557
-0.324844907241472
-0.421926283770604
-0.197235662335654
-0.524588181504209
-0.623023324198068
-0.728048039177877
-1.0276808038055
-1.20945272186069
-0.787978912234666
-0.625487401238352
-0.975541605781484
-0.980967975338166
