0.34637145435962
0.160279202223985
0.0351023960132054
0.00561232444654423
-0.104611511844318
-0.107749245652199
-0.1521138105842
-0.206122679913856
0.0389166609611545
0.00639672356130228
0.0909255449021009
-0.0362259264223226
-0.0103898417736781
-0.143073944233185
0.125183844171435
0.113640630514008
-0.304120910273469
0.241683971634771
-0.135307910363536
0.0415796311978561
0.131616204042073
0.0414318691491226
-0.152727024214865
-0.23152231067921
-0.202295415381221
-0.120906755888041
-0.364663512453786
-0.0734343081330838
-0.404273040374952
-0.0753143272394738
-0.117228116144157
0.231241246918073
0.0329093767363402
-0.0384256495862042
-0.269102025731556
-0.0573800669932097
-0.178777817432803
-0.0521370136480385
-0.0901499374645538
-0.243288415864778
-0.487464470366159
-0.0966017772386454
-0.0911465605176852
-0.254886091480354
-0.0526360028986752
0.244169352230344
-0.265890944559503
-0.0461573952104569
-0.313074941235445
0.139324141403943
-0.0587620926310404
-0.306743664355774
-0.270381671378599
-0.305958939804588
-0.192859367553647
-0.164694432777481
-0.397668813678385
-0.0992068644946515
-0.182944170447048
-0.394693891059859
-0.0888042247217584
0.369966212233758
0.289775058774247
0.132187665028373
-0.201402856443683
0.104407007921849
0.0917036093511725
0.161797016173066
-0.0463711404138057
-0.165880543137558
0.00853627915719414
-0.119527599155902
-0.49681364055142
-0.585119688665875
-0.698323693846361
-0.396154933405491
-0.306187380663718
-0.448654346477322
0.0857972308583306
-0.312676793525355
-0.291722689735549
-0.295389359918771
-0.47813230117724
0.269960689887311
-0.00500361030887035
0.0381272205450883
-0.225757839821512
-0.102773369299065
-0.140952620519743
-0.0464734428709735
-0.03241137484318
-0.157398237126161
-0.0301339410901462
-0.172744523016235
-0.0460258018720673
0.0544715283478062
-0.0530677586583455
-0.278417749680395
0.135048864777794
0.117871677148839
0.236425038732592
0.257994679839316
-0.160331588644694
0.17960696522287
0.139866426124375
0.157577515929635
-0.131040024669288
0.107249631607262
-0.136722995244278
-0.167978056847037
-0.0434263678893215
-0.17192622674854
-0.301499291661744
-0.563613554152334
-0.237093283597414
-0.518701741712938
-0.323714525168906
-0.158346570362788
-0.306430177054271
-0.266662150772197
-0.236745696342027
-0.110474701485798
-0.398485941566974
-0.24520633112907
-0.109819826953876
-0.109735232299714
-0.198708750123148
-0.259439774648208
-0.11083729317081
-0.163086322476298
-0.00271768338004125
0.0183255014513144
-0.157038602572984
0.0842781468422591
-0.21089955306753
-0.312093544196611
-0.0235319218830462
-0.148328284224662
0.142056639316476
0.117134031787652
0.100449429286106
-0.0755370239771369
-0.283007808962004
-0.129782955310478
-0.0953737784458152
-0.325106579379452
-0.257728161991618
-0.0780688885781051
-0.292078883553914
-0.000142831640557563
-0.027896250442513
-0.116582264036644
0.0853634377959903
-0.0695032115270094
-0.105235415606756
0.0746523646440073
0.0523857305496445
-0.152005156768111
0.243101669076388
-0.0276390380279943
0.0472721339590352
-0.0373701821754792
0.081030097464454
0.117653896643777
0.12666874777724
-0.20531688180711
-0.142807803342342
-0.150458420889389
0.022971828802918
-0.281759038454145
-0.0668799202785332
-0.047350241359862
-0.168389738246253
-0.243789816216354
-0.0543665555091698
-0.113761369873767
-0.196186969598578
-0.0510738104931023
-0.244215567583316
-0.148607338608218
0.0490031179698746
-0.0366405815654583
0.0364327090559658
-0.00417619066502651
0.146023522583587
0.178514518320423
-0.196958643629634
0.181728113689534
-0.00436554477508714
-0.0756845696409473
0.312305361258628
0.165602103167456
0.193624521341993
0.116665900992276
-0.0744886323347349
0.261992721533695
0.199764282902305
0.0930424969595768
0.32807873713006
0.324597885825843
0.271226916655728
0.212968589435328
0.256897105975526
0.199728502022928
0.248762128554206
-0.0337029270003213
0.0876436784776966
-0.0852869682345833
0.123399013162081
0.069459711444852
0.0351063401365304
0.0191690592123368
0.158806215233846
0.00796240711518812
0.103241782552309
0.268542062980352
0.297762967784769
0.162091793105776
0.169435834970161
-0.0906397457366926
0.0935927792002944
0.122191131323505
0.282976358341999
0.340805714045921
0.0900095463354795
0.0708166124196125
0.0893082111231092
0.0895918212874283
0.0230084945043204
0.00170871471600504
0.14244484978935
-0.488838802130365
0.100564168340913
-0.29845290695876
-0.459177518891606
0.14555694814326
-0.233016742297914
-0.149031931423048
-0.192457177692763
-0.661292330903947
-0.377501535751112
0.0470404755663475
0.0241306152957352
-0.404245162241878
-0.261701282350795
0.293595501032954
-0.420435029163043
-0.162926154081869
-0.373226941230289
-0.135881502199234
-0.0957631231106603
-0.351788393628235
0.0300427596241532
-0.440888192628389
-0.0745644400625513
-0.380306314009579
-0.280715427337198
0.0528818943680408
0.235364581728078
0.372683792747228
0.176667432162735
0.218981315214455
-0.104277890426192
0.119911916002315
-0.0273851310073639
0.270690566075301
0.281288187423771
0.296483591234065
0.286399138058275
0.229299931904382
0.185468144039267
-0.0549396382203215
0.34985249582598
0.0718883125615189
0.048541629006139
0.0306379813654998
0.420853990801587
0.11670738291149
0.646202346354025
0.296906147863904
0.212675370937072
0.00622704852642738
-0.00266021993356707
0.214212769204124
0.11655348168336
-0.150409684965604
0.0928498948040015
0.0883965677544114
-0.0608032293566052
0.144102488606512
0.312797669033384
0.254924917245489
0.27377096177379
0.307365424238566
0.297349570019487
0.347000507724515
0.32748647477952
0.208151796447613
0.355555240775252
0.48614493977436
0.379616047008515
0.372951139613982
0.202569073368526
-0.00582938141054145
-0.079999712257987
0.0168405070892799
0.352947286664939
0.474646427361614
0.568049614479341
-0.249089867035716
-0.440703774420508
0.035176750938276
-0.165140381134193
0.136848373775819
-0.00863173891790109
-0.152910718139171
-0.0748508118797654
-0.0583163839317404
-0.164107812061201
0.00870095243999309
-0.0898451954660884
0.0884361980556576
-0.00875186509678335
0.197742231972793
0.0705275605462574
0.319653558755248
0.162746783887792
0.073472561712836
-0.175195291677907
-0.333866793283398
0.108460991411376
0.24321156063462
0.15709125260888
0.251530026694617
0.27484050074197
0.301749773003008
0.210778603486227
0.46802898019982
0.525695649704867
0.156546608228525
0.308005227245527
0.128771970198172
0.327430618746673
0.320898880448149
0.157692379265134
0.202638540597366
0.326029027693491
0.178849178886938
0.178252020269555
0.139882311231772
0.0121089838706555
-0.146835266944041
-0.0956164179016522
-0.0568106606377817
-0.0206909163037729
-0.210680776672999
-0.105147922563487
0.198991318654258
0.250338467235585
-0.131904985649688
0.0935296233058541
0.0886192844059602
0.182837129557444
0.176305654732935
0.304383151819178
0.133758708764336
-0.0970045649069971
-0.209665633387933
0.00663256261084529
-0.131766799897601
0.0779437281242725
-0.231432762297476
0.112919070274203
-0.0485020153234179
0.298879167739327
0.189245003768292
0.226138932096791
0.360050714031098
-0.284072005804742
0.109576843427315
0.229107016955348
0.350204530519038
0.264872721981481
0.0589994109756857
0.204688717482417
0.35957835604147
0.382574625194371
0.311133910221799
0.254394022409875
0.199172807203749
0.272478581742988
-0.122513785316035
-0.278927707186858
-0.147314016771453
-0.184431303939324
-0.175078316643219
0.0327593612114891
0.287005500796401
-0.291301506872448
0.0147842577114866
